48|1|0

9707422,738054,48,1,0,B1540
47|1|0

9707422,738054,47,1,0,B1530
52|1|0
48|1|0
9707744,738178,52,1,0,B1540
51|1|0
47|1|0
9707744,738178,51,1,0,B1530
3|1|0
52|1|0
9710190,738338,3,1,0,B1540
2|1|0
51|1|0
9710190,738338,2,1,0,B1530
48|1|0
3|1|0
9707422,738054,48,1,0,B1540
47|1|0
2|1|0
9707422,738054,47,1,0,B1530
48|1|0
48|1|0
9707422,738054,48,1,0,B1540
47|1|0
47|1|0
9707422,738054,47,1,0,B1530
52|1|0
48|1|0
9707744,738178,52,1,0,B1540
51|1|0
47|1|0
9707744,738178,51,1,0,B1530
52|1|0
52|1|0
9707744,738178,52,1,0,B1540
51|1|0
51|1|0
9707744,738178,51,1,0,B1530
3|1|0
52|1|0
9710190,738338,3,1,0,B1540
2|1|0
51|1|0
9710190,738338,2,1,0,B1530
3|1|0
3|1|0
9710190,738338,3,1,0,B1540
2|1|0
2|1|0
9710190,738338,2,1,0,B1530
