20100128073102R:I 503,0  5,0101, 0, 0, 0, 0
20100128073104R:A 510,0  5,  00000125,10, 0, 0, 0
20100128073110R:I 503,0  5,0100, 0, 0, 0, 0
20100128073158R:I 503,0  5,0101, 0, 0, 0, 0
20100128073159R:A 510,0  5,  00001268,10, 0, 0, 0
20100128073205R:I 503,0  5,0100, 0, 0, 0, 0
20100128073232R:I 503,0  5,0101, 0, 0, 0, 0
20100128073234R:A 510,0  5,  00000007,10, 0, 0, 0
20100128073240R:I 503,0  5,0100, 0, 0, 0, 0
20100128073614R:I 503,0  5,0101, 0, 0, 0, 0
20100128073616R:A 510,0  5,  00000132,10, 0, 0, 0
20100128073622R:I 503,0  5,0100, 0, 0, 0, 0
20100128073638S:A0500,0005,  00001272,1,00,00
20100128073638R:I 503,0  5,0101, 0, 0, 0, 0
20100128073649R:A 501,0  5,  00001272,0, 0
20100128073649R:A 510,0  5,  00001272, 1, 0, 0, 0
20100128073658R:A 510,0  5,  00001272, 9, 0, 0, 0
20100128073703R:A 503,0  5,  00001272, 0, 0
20100128074221S:A0500,0005,  00000183,1,00,00
20100128074232R:A 501,0  5,  00000183,0, 0
20100128074232R:A 510,0  5,  00000183, 1, 0, 1, 0
20100128074241R:A 510,0  5,  00000183, 9, 0, 1, 0
20100128074428S:A0500,0005,  00000155,1,00,00
20100128074439R:A 501,0  5,  00000155,0, 0
20100128074439R:A 510,0  5,  00000155, 1, 0, 2, 0
20100128074448R:A 510,0  5,  00000155, 9, 0, 2, 0
20100128074624S:A0503,0005,  00001272,01,00
20100128074628R:A 504,0  5,  00001272, 0, 0
20100128074628R:A 503,0  5,  00000183, 0, 0
20100128075210S:A0503,0005,  00000183,01,00
20100128075213R:A 504,0  5,  00000183, 0, 0
20100128075213R:A 503,0  5,  00000155, 0, 0
20100128075415S:A0503,0005,  00000155,01,00
20100128075418R:A 504,0  5,  00000155, 0, 0
20100128075418R:I 503,0  5,0100, 0, 0, 0, 0
20100128075644S:A0500,0005,  00001258,1,00,00
20100128075645R:I 503,0  5,0101, 0, 0, 0, 0
20100128075656R:A 501,0  5,  00001258,0, 0
20100128075656R:A 510,0  5,  00001258, 1, 0, 0, 0
20100128075705R:A 510,0  5,  00001258, 9, 0, 0, 0
20100128075709R:A 503,0  5,  00001258, 0, 0
20100128080007R:A 510,0  5,  00000094,10, 0, 1, 0
20100128080052R:A 510,0  5,  00000090,10, 0, 1, 0
20100128080308S:A0500,0005,  00001219,1,00,00
20100128080319R:A 501,0  5,  00001219,0, 0
20100128080319R:A 510,0  5,  00001219, 1, 0, 1, 0
20100128080328R:A 510,0  5,  00001219, 9, 0, 1, 0
20100128080435S:A0500,0005,  00001032,1,00,00
20100128080446R:A 501,0  5,  00001032,0, 0
20100128080446R:A 510,0  5,  00001032, 1, 0, 2, 0
20100128080455R:A 510,0  5,  00001032, 9, 0, 2, 0
20100128080642S:A0503,0005,  00001258,01,00
20100128080645R:A 504,0  5,  00001258, 0, 0
20100128080645R:A 503,0  5,  00001219, 0, 0
20100128080756R:A 510,0  5,  00001130,10, 0, 2, 0
20100128080850R:A 510,0  5,  00001134,10, 0, 2, 0
20100128081008R:A 510,0  5,  00001182,10, 0, 2, 0
20100128081140R:A 510,0  5,  00001186,10, 0, 2, 0
20100128081258S:A0503,0005,  00001219,01,00
20100128081301R:A 504,0  5,  00001219, 0, 0
20100128081301R:A 503,0  5,  00001032, 0, 0
20100128081310S:A0500,0005,  00001206,1,00,00
20100128081321R:A 501,0  5,  00001206,0, 0
20100128081321R:A 510,0  5,  00001206, 1, 0, 1, 0
20100128081330R:A 510,0  5,  00001206, 9, 0, 1, 0
20100128081433S:A0503,0005,  00001032,02,00
20100128081443R:A 504,0  5,  00001032, 0, 0
20100128081443R:A 503,0  5,  00001206, 0, 0
20100128081525R:A 510,0  5,  00001032,10, 0, 1, 0
20100128081534R:A 510,0  5,  00001033,10, 0, 1, 0
20100128081739R:A 510,0  5,  00001277,10, 0, 1, 0
20100128081853R:A 510,0  5,  00000129,10, 0, 1, 0
20100128082234S:A0500,0005,  00001291,1,00,00
20100128082245R:A 501,0  5,  00001291,0, 0
20100128082245R:A 510,0  5,  00001291, 1, 0, 1, 0
20100128082254R:A 510,0  5,  00001291, 9, 0, 1, 0
20100128082309S:A0503,0005,  00001206,02,00
20100128082319R:A 504,0  5,  00001206, 0, 0
20100128082319R:A 503,0  5,  00001291, 0, 0
20100128082410R:A 510,0  5,  00000012,10, 0, 1, 0
20100128082427S:A0500,0005,  00001220,1,00,00
20100128082438R:A 501,0  5,  00001220,0, 0
20100128082438R:A 510,0  5,  00001220, 1, 0, 1, 0
20100128082447R:A 510,0  5,  00001220, 9, 0, 1, 0
20100128082449R:A 510,0  5,  00001206,10, 0, 2, 0
20100128082507R:A 510,0  5,  00000100,10, 0, 2, 0
20100128082515R:A 510,0  5,  00001273,10, 0, 2, 0
20100128083044R:A 510,0  5,  00001215,10, 0, 2, 0
20100128083052S:A0500,0005,  00001260,1,00,00
20100128083052R:A 510,0  5,  00001003,10, 0, 2, 0
20100128083103R:A 501,0  5,  00001260,0, 0
20100128083103R:A 510,0  5,  00001260, 1, 0, 2, 0
20100128083112R:A 510,0  5,  00001260, 9, 0, 2, 0
20100128083231S:A0503,0005,  00001291,01,00
20100128083235R:A 504,0  5,  00001291, 0, 0
20100128083235R:A 503,0  5,  00001220, 0, 0
20100128083237R:A 510,0  5,  00001106,10, 0, 2, 0
20100128083413S:A0503,0005,  00001220,01,00
20100128083414R:A 510,0  5,  00000135,10, 0, 2, 0
20100128083425R:A 504,0  5,  00001220, 0, 0
20100128083425R:A 503,0  5,  00001260, 0, 0
20100128083437S:A0500,0005,  00000142,1,00,00
20100128083448R:A 501,0  5,  00000142,0, 0
20100128083448R:A 510,0  5,  00000142, 1, 0, 1, 0
20100128083457R:A 510,0  5,  00000142, 9, 0, 1, 0
20100128083640R:A 510,0  5,  00000035,10, 0, 2, 0
20100128083724S:A0500,0005,  00001102,1,00,00
20100128083727R:A 510,0  5,  00000151,10, 0, 2, 0
20100128083738R:A 501,0  5,  00001102,0, 0
20100128083738R:A 510,0  5,  00001102, 1, 0, 2, 0
20100128083747R:A 510,0  5,  00001102, 9, 0, 2, 0
20100128084048S:A0503,0005,  00001260,01,00
20100128084048R:A 510,0  5,  00000033,10, 0, 3, 0
20100128084059R:A 504,0  5,  00001260, 0, 0
20100128084059R:A 503,0  5,  00000142, 0, 0
20100128084217R:A 510,0  5,  00001101,10, 0, 2, 0
20100128084230R:A 510,0  5,  00001281,10, 0, 2, 0
20100128084259S:A0500,0005,  00001116,1,00,00
20100128084310R:A 501,0  5,  00001116,0, 0
20100128084310R:A 510,0  5,  00001116, 1, 0, 2, 0
20100128084318R:A 510,0  5,  00001119,10, 0, 2, 0
20100128084319R:A 510,0  5,  00001116, 9, 0, 2, 0
20100128084401R:A 510,0  5,  00001131,10, 0, 3, 0
20100128084426S:A0503,0005,  00000142,01,00
20100128084430R:A 504,0  5,  00000142, 0, 0
20100128084430R:A 503,0  5,  00001102, 0, 0
20100128084432R:A 510,0  5,  00001194,10, 0, 2, 0
20100128084546R:A 510,0  5,  00001041,10, 0, 2, 0
20100128084713S:A0503,0005,  00001102,01,00
20100128084716R:A 504,0  5,  00001102, 0, 0
20100128084717R:A 503,0  5,  00001116, 0, 0
20100128084838S:A0500,0005,  00000140,1,00,00
20100128084849R:A 501,0  5,  00000140,0, 0
20100128084849R:A 510,0  5,  00000140, 1, 0, 1, 0
20100128084857R:A 510,0  5,  00001001,10, 0, 1, 0
20100128084858R:A 510,0  5,  00000140, 9, 0, 1, 0
20100128085015R:A 510,0  5,  00000188,10, 0, 2, 0
20100128085207R:A 510,0  5,  00001029,10, 0, 2, 0
20100128085243R:A 510,0  5,  00000154,10, 0, 2, 0
20100128085246S:A0503,0005,  00001116,01,00
20100128085254R:A 504,0  5,  00001116, 0, 0
20100128085254R:A 503,0  5,  00000140, 0, 0
20100128085359R:A 510,0  5,  00000065,10, 0, 1, 0
20100128085453S:A0500,0005,  00000078,1,00,00
20100128085504R:A 501,0  5,  00000078,0, 0
20100128085504R:A 510,0  5,  00000078, 1, 0, 1, 0
20100128085512R:A 510,0  5,  00000054,10, 0, 1, 0
20100128085513R:A 510,0  5,  00000078, 9, 0, 1, 0
20100128085741S:A0500,0005,  00001197,1,00,00
20100128085752R:A 501,0  5,  00001197,0, 0
20100128085752R:A 510,0  5,  00001197, 1, 0, 2, 0
20100128085801R:A 510,0  5,  00001197, 9, 0, 2, 0
20100128085828S:A0503,0005,  00000140,01,00
20100128085831R:A 504,0  5,  00000140, 0, 0
20100128085831R:A 503,0  5,  00000078, 0, 0
20100128090028S:A0500,0005,  00000042,1,00,00
20100128090039R:A 501,0  5,  00000042,0, 0
20100128090039R:A 510,0  5,  00000042, 1, 0, 2, 0
20100128090048R:A 510,0  5,  00000042, 9, 0, 2, 0
20100128090306S:A0500,0005,  00001113,1,00,00
20100128090317R:A 501,0  5,  00001113,0, 0
20100128090318R:A 510,0  5,  00001113, 1, 0, 3, 0
20100128090326R:A 510,0  5,  00001113, 9, 0, 3, 0
20100128090428R:A 510,0  5,  00000186,10, 0, 4, 0
20100128090442S:A0503,0005,  00000078,01,00
20100128090444R:A 510,0  5,  00000156,10, 0, 4, 0
20100128090454R:A 504,0  5,  00000078, 0, 0
20100128090454R:A 503,0  5,  00001197, 0, 0
20100128090520R:A 510,0  5,  00000124,10, 0, 3, 0
20100128090533R:A 510,0  5,  00000108,10, 0, 3, 0
20100128090559R:A 510,0  5,  00000134,10, 0, 3, 0
20100128090607R:A 510,0  5,  00001300,10, 0, 3, 0
20100128090634S:A0500,0005,  00000028,1,00,00
20100128090635R:A 510,0  5,  00001252,10, 0, 3, 0
20100128090646R:A 501,0  5,  00000028,0, 0
20100128090646R:A 510,0  5,  00000028, 1, 0, 3, 0
20100128090654R:A 510,0  5,  00001148,10, 0, 3, 0
20100128090655R:A 510,0  5,  00000028, 9, 0, 3, 0
20100128090730S:A0503,0005,  00001197,02,00
20100128090740R:A 504,0  5,  00001197, 0, 0
20100128090740R:A 503,0  5,  00000042, 0, 0
20100128090842R:A 510,0  5,  00000073,10, 0, 3, 0
20100128090855S:A0500,0005,  00001109,1,00,00
20100128090906R:A 501,0  5,  00001109,0, 0
20100128090906R:A 510,0  5,  00001109, 1, 0, 3, 0
20100128090915R:A 510,0  5,  00001109, 9, 0, 3, 0
20100128091018S:A0503,0005,  00000042,01,00
20100128091021R:A 504,0  5,  00000042, 0, 0
20100128091021R:A 503,0  5,  00001113, 0, 0
20100128091036R:A 510,0  5,  00001296,10, 0, 3, 0
20100128091117R:A 510,0  5,  00001141,10, 0, 3, 0
20100128091137R:A 510,0  5,  00000181,10, 0, 3, 0
20100128091151S:A0500,0005,  00000165,1,00,00
20100128091202R:A 501,0  5,  00000165,0, 0
20100128091202R:A 510,0  5,  00000165, 1, 0, 3, 0
20100128091211R:A 510,0  5,  00000165, 9, 0, 3, 0
20100128091220R:A 510,0  5,  00000089,10, 0, 4, 0
20100128091256S:A0503,0005,  00001113,01,00
20100128091259R:A 504,0  5,  00001113, 0, 0
20100128091259R:A 503,0  5,  00000028, 0, 0
20100128091312R:A 510,0  5,  00001112,10, 0, 3, 0
20100128091329R:A 510,0  5,  00000164,10, 0, 3, 0
20100128091340S:A0500,0005,  00001047,1,00,00
20100128091351R:A 501,0  5,  00001047,0, 0
20100128091351R:A 510,0  5,  00001047, 1, 0, 3, 0
20100128091400R:A 510,0  5,  00001047, 9, 0, 3, 0
20100128091438S:A0500,0005,  00001022,1,00,00
20100128091450R:A 501,0  5,  00001022,0, 0
20100128091450R:A 510,0  5,  00001022, 1, 0, 4, 0
20100128091459R:A 510,0  5,  00001022, 9, 0, 4, 0
20100128091523R:A 510,0  5,  00000082,10, 0, 5, 0
20100128091609R:A 510,0  5,  00001198,10, 0, 5, 0
20100128091624S:A0503,0005,  00000028,01,00
20100128091627R:A 504,0  5,  00000028, 0, 0
20100128091627R:A 503,0  5,  00001109, 0, 0
20100128091647R:A 510,0  5,  00000032,10, 0, 4, 0
20100128091716R:A 510,0  5,  00001034,10, 0, 4, 0
20100128091831R:A 510,0  5,  00000194,10, 0, 4, 0
20100128091839R:A 510,0  5,  00001015,10, 0, 4, 0
20100128091843S:A0503,0005,  00001109,01,00
20100128091847S:A0500,0005,  00001121,1,00,00
20100128091850R:A 504,0  5,  00001109, 0, 0
20100128091850R:A 503,0  5,  00000165, 0, 0
20100128091858R:A 501,0  5,  00001121,0, 0
20100128091858R:A 510,0  5,  00001121, 1, 0, 3, 0
20100128091907R:A 510,0  5,  00001121, 9, 0, 3, 0
20100128092007R:A 510,0  5,  00001139,10, 0, 4, 0
20100128092052R:A 510,0  5,  00001293,10, 0, 4, 0
20100128092100R:A 510,0  5,  00001251,10, 0, 4, 0
20100128092108R:A 510,0  5,  00000137,10, 0, 4, 0
20100128092140S:A0503,0005,  00000165,01,00
20100128092144R:A 504,0  5,  00000165, 0, 0
20100128092144R:A 503,0  5,  00001047, 0, 0
20100128092220S:A0500,0005,  00001046,1,00,00
20100128092231R:A 501,0  5,  00001046,0, 0
20100128092231R:A 510,0  5,  00001046, 1, 0, 3, 0
20100128092238R:A 510,0  5,  00001284,10, 0, 3, 0
20100128092240R:A 510,0  5,  00001046, 9, 0, 3, 0
20100128092250R:A 510,0  5,  00001197,10, 0, 4, 0
20100128092258R:A 510,0  5,  00001147,10, 0, 4, 0
20100128092329S:A0503,0005,  00001047,01,00
20100128092333R:A 504,0  5,  00001047, 0, 0
20100128092333R:A 503,0  5,  00001022, 0, 0
20100128092427S:A0503,0005,  00001022,01,00
20100128092430R:A 504,0  5,  00001022, 0, 0
20100128092430R:A 503,0  5,  00001121, 0, 0
20100128092459R:A 510,0  5,  00001222,10, 0, 2, 0
20100128092525S:A0500,0005,  00000172,1,00,00
20100128092537R:A 501,0  5,  00000172,0, 0
20100128092537R:A 510,0  5,  00000172, 1, 0, 2, 0
20100128092546R:A 510,0  5,  00000172, 9, 0, 2, 0
20100128092719R:A 510,0  5,  00000121,10, 0, 3, 0
20100128092727S:A0500,0005,  00000020,1,00,00
20100128092738R:A 501,0  5,  00000020,0, 0
20100128092739R:A 510,0  5,  00000020, 1, 0, 3, 0
20100128092748R:A 510,0  5,  00000020, 9, 0, 3, 0
20100128092827R:A 510,0  5,  00000138,10, 0, 4, 0
20100128092835R:A 510,0  5,  00001262,10, 0, 4, 0
20100128092837S:A0503,0005,  00001121,01,00
20100128092846R:A 504,0  5,  00001121, 0, 0
20100128092846R:A 503,0  5,  00001046, 0, 0
20100128092903S:A0500,0005,  00000195,1,00,00
20100128092914R:A 501,0  5,  00000195,0, 0
20100128092914R:A 510,0  5,  00000195, 1, 0, 3, 0
20100128092923R:A 510,0  5,  00000195, 9, 0, 3, 0
20100128093210S:A0503,0005,  00001046,02,00
20100128093220R:A 504,0  5,  00001046, 0, 0
20100128093220R:A 503,0  5,  00000172, 0, 0
20100128093226S:A0500,0005,  00001193,1,00,00
20100128093237R:A 501,0  5,  00001193,0, 0
20100128093237R:A 510,0  5,  00001193, 1, 0, 3, 0
20100128093246R:A 510,0  5,  00001193, 9, 0, 3, 0
20100128093335R:A 510,0  5,  00001030,10, 0, 4, 0
20100128093343R:A 510,0  5,  00001298,10, 0, 4, 0
20100128093352R:A 510,0  5,  00001048,10, 0, 4, 0
20100128093514S:A0503,0005,  00000172,01,00
20100128093518R:A 504,0  5,  00000172, 0, 0
20100128093518R:A 503,0  5,  00000020, 0, 0
20100128093703R:A 510,0  5,  00001288,10, 0, 3, 0
20100128093717S:A0503,0005,  00000020,01,00
20100128093720R:A 504,0  5,  00000020, 0, 0
20100128093720R:A 503,0  5,  00000195, 0, 0
20100128093810R:A 510,0  5,  00001133,10, 0, 2, 0
20100128093837S:A0500,0005,  00001289,1,00,00
20100128093848R:A 501,0  5,  00001289,0, 0
20100128093848R:A 510,0  5,  00001289, 1, 0, 2, 0
20100128093852S:A0503,0005,  00000195,01,00
20100128093857R:A 504,0  5,  00000195, 0, 0
20100128093857R:A 503,0  5,  00001193, 0, 0
20100128093857R:A 510,0  5,  00001289, 9, 0, 1, 0
20100128093955R:A 510,0  5,  00000158,10, 0, 2, 0
20100128094115S:A0500,0005,  00000087,1,00,00
20100128094126R:A 501,0  5,  00000087,0, 0
20100128094127R:A 510,0  5,  00000087, 1, 0, 2, 0
20100128094136R:A 510,0  5,  00000087, 9, 0, 2, 0
20100128094219S:A0503,0005,  00001193,01,00
20100128094222R:A 504,0  5,  00001193, 0, 0
20100128094222R:A 503,0  5,  00001289, 0, 0
20100128094326S:A0500,0005,  00000034,1,00,00
20100128094338R:A 501,0  5,  00000034,0, 0
20100128094338R:A 510,0  5,  00000034, 1, 0, 2, 0
20100128094347R:A 510,0  5,  00000034, 9, 0, 2, 0
20100128094448S:A0500,0005,  00000128,1,00,00
20100128094459R:A 501,0  5,  00000128,0, 0
20100128094459R:A 510,0  5,  00000128, 1, 0, 3, 0
20100128094507R:A 510,0  5,  00001282,10, 0, 3, 0
20100128094508R:A 510,0  5,  00000128, 9, 0, 3, 0
20100128094519S:A0500,0005,  00001103,1,00,00
20100128094530R:A 501,0  5,  00001103,0, 0
20100128094530R:A 510,0  5,  00001103, 1, 0, 4, 0
20100128094539R:A 510,0  5,  00001103, 9, 0, 4, 0
20100128094827S:A0503,0005,  00001289,01,00
20100128094830R:A 504,0  5,  00001289, 0, 0
20100128094830R:A 503,0  5,  00000087, 0, 0
20100128094834S:A0500,0005,  00001020,1,00,00
20100128094845R:A 501,0  5,  00001020,0, 0
20100128094846R:A 510,0  5,  00001020, 1, 0, 4, 0
20100128094855R:A 510,0  5,  00001020, 9, 0, 4, 0
20100128094859R:A 510,0  5,  00001046,10, 0, 5, 0
20100128095005S:A0500,0005,  00000116,1,00,00
20100128095016R:A 501,0  5,  00000116,0, 0
20100128095016R:A 510,0  5,  00000116, 1, 0, 5, 0
20100128095025R:A 510,0  5,  00000116, 9, 0, 5, 0
20100128095040R:A 510,0  5,  00001005,10, 0, 6, 0
20100128095102S:A0503,0005,  00000087,01,00
20100128095105R:A 504,0  5,  00000087, 0, 0
20100128095106R:A 503,0  5,  00000034, 0, 0
20100128095158S:A0500,0005,  00000107,1,00,00
20100128095209R:A 501,0  5,  00000107,0, 0
20100128095209R:A 510,0  5,  00000107, 1, 0, 5, 0
20100128095218R:A 510,0  5,  00000107, 9, 0, 5, 0
20100128095249R:A 510,0  5,  00001019,10, 0, 6, 0
20100128095315S:A0503,0005,  00000034,01,00
20100128095319R:A 504,0  5,  00000034, 0, 0
20100128095319R:A 503,0  5,  00000128, 0, 0
20100128095418S:A0500,0005,  00000162,1,00,00
20100128095429R:A 501,0  5,  00000162,0, 0
20100128095429R:A 510,0  5,  00000162, 1, 0, 5, 0
20100128095436S:A0503,0005,  00000128,01,00
20100128095438R:A 510,0  5,  00000162, 9, 0, 4, 0
20100128095439R:A 504,0  5,  00000128, 0, 0
20100128095439R:A 503,0  5,  00001103, 0, 0
20100128095508S:A0503,0005,  00001103,01,00
20100128095512R:A 504,0  5,  00001103, 0, 0
20100128095512R:A 503,0  5,  00001020, 0, 0
20100128095616R:A 510,0  5,  00001275,10, 0, 4, 0
20100128095710S:A0500,0005,  00000130,1,00,00
20100128095721R:A 501,0  5,  00000130,0, 0
20100128095721R:A 510,0  5,  00000130, 1, 0, 4, 0
20100128095730R:A 510,0  5,  00000130, 9, 0, 4, 0
20100128095805S:A0500,0005,  00001283,1,00,00
20100128095816R:A 501,0  5,  00001283,0, 0
20100128095816R:A 510,0  5,  00001283, 1, 0, 5, 0
20100128095823S:A0503,0005,  00001020,01,00
20100128095825R:A 510,0  5,  00001283, 9, 0, 4, 0
20100128095826R:A 504,0  5,  00001020, 0, 0
20100128095826R:A 503,0  5,  00000116, 0, 0
20100128095858R:A 510,0  5,  00000029,10, 0, 5, 0
20100128095955S:A0503,0005,  00000116,01,00
20100128095958R:A 504,0  5,  00000116, 0, 0
20100128095958R:A 503,0  5,  00000107, 0, 0
20100128100142S:A0503,0005,  00000107,01,00
20100128100145R:A 504,0  5,  00000107, 0, 0
20100128100145R:A 503,0  5,  00000162, 0, 0
20100128100158R:A 510,0  5,  00000026,10, 0, 3, 0
20100128100233R:A 510,0  5,  00001153,10, 0, 3, 0
20100128100355R:A 510,0  5,  00000095,10, 0, 3, 0
20100128100404R:A 510,0  5,  00001200,10, 0, 3, 0
20100128100406S:A0503,0005,  00000162,01,00
20100128100415R:A 504,0  5,  00000162, 0, 0
20100128100415R:A 503,0  5,  00000130, 0, 0
20100128100419S:A0500,0005,  00000086,1,00,00
20100128100431R:A 501,0  5,  00000086,0, 0
20100128100431R:A 510,0  5,  00000086, 1, 0, 2, 0
20100128100440R:A 510,0  5,  00000086, 9, 0, 2, 0
20100128100608S:A0500,0005,  00001274,1,00,00
20100128100620R:A 501,0  5,  00001274,0, 0
20100128100620R:A 510,0  5,  00001274, 1, 0, 3, 0
20100128100629R:A 510,0  5,  00001274, 9, 0, 3, 0
20100128100658S:A0503,0005,  00000130,01,00
20100128100702R:A 504,0  5,  00000130, 0, 0
20100128100702R:A 503,0  5,  00001283, 0, 0
20100128100802S:A0503,0005,  00001283,01,00
20100128100805R:A 504,0  5,  00001283, 0, 0
20100128100805R:A 503,0  5,  00000086, 0, 0
20100128100900S:A0500,0005,  00001017,1,00,00
20100128100911R:A 501,0  5,  00001017,0, 0
20100128100911R:A 510,0  5,  00001017, 1, 0, 2, 0
20100128100920R:A 510,0  5,  00001017, 9, 0, 2, 0
20100128101201R:A 510,0  5,  00000115,10, 0, 3, 0
20100128101408S:A0503,0005,  00000086,01,00
20100128101411R:A 504,0  5,  00000086, 0, 0
20100128101411R:A 503,0  5,  00001274, 0, 0
20100128101605S:A0503,0005,  00001274,01,00
20100128101608R:A 504,0  5,  00001274, 0, 0
20100128101608R:A 503,0  5,  00001017, 0, 0
20100128101846R:A 510,0  5,  00001196,10, 0, 1, 0
20100128101855S:A0503,0005,  00001017,01,00
20100128101858R:A 504,0  5,  00001017, 0, 0
20100128101858R:I 503,0  5,0100, 0, 0, 0, 0
20100128101913R:I 503,0  5,0101, 0, 0, 0, 0
20100128101915R:A 510,0  5,  00000053,10, 0, 0, 0
20100128101921R:I 503,0  5,0100, 0, 0, 0, 0
20100128102019S:A0500,0005,  00001292,1,00,00
20100128102019R:I 503,0  5,0101, 0, 0, 0, 0
20100128102052R:A 501,0  5,  00001292,0, 0
20100128102053R:A 510,0  5,  00001292, 1, 0, 0, 0
20100128102102R:A 510,0  5,  00001292, 9, 0, 0, 0
20100128102106R:A 503,0  5,  00001292, 0, 0
20100128102507S:A0500,0005,  00000104,1,00,00
20100128102518R:A 501,0  5,  00000104,0, 0
20100128102518R:A 510,0  5,  00000104, 1, 0, 1, 0
20100128102527R:A 510,0  5,  00000104, 9, 0, 1, 0
20100128102946R:A 510,0  5,  00000103,10, 0, 2, 0
20100128103017S:A0503,0005,  00001292,01,00
20100128103020R:A 504,0  5,  00001292, 0, 0
20100128103020R:A 503,0  5,  00000104, 0, 0
20100128103140R:A 510,0  5,  00001218,10, 0, 1, 0
20100128103155R:A 510,0  5,  00000010,10, 0, 1, 0
20100128103216S:A0500,0005,  00000011,1,00,00
20100128103227R:A 501,0  5,  00000011,0, 0
20100128103227R:A 510,0  5,  00000011, 1, 0, 1, 0
20100128103236R:A 510,0  5,  00000011, 9, 0, 1, 0
20100128103300R:A 510,0  5,  00001021,10, 0, 2, 0
20100128103430R:A 510,0  5,  00000159,10, 0, 2, 0
20100128103503S:A0503,0005,  00000104,01,00
20100128103506R:A 504,0  5,  00000104, 0, 0
20100128103506R:A 503,0  5,  00000011, 0, 0
20100128103532R:A 510,0  5,  00001225,10, 0, 1, 0
20100128103618R:A 510,0  5,  00001158,10, 0, 1, 0
20100128103647R:A 510,0  5,  00000096,10, 0, 1, 0
20100128103736R:A 510,0  5,  00000197,10, 0, 1, 0
20100128103800R:A 510,0  5,  00001018,10, 0, 1, 0
20100128104031R:A 510,0  5,  00001043,10, 0, 1, 0
20100128104051R:A 510,0  5,  00001115,10, 0, 1, 0
20100128104100S:A0500,0005,  00001045,1,00,00
20100128104111R:A 501,0  5,  00001045,0, 0
20100128104111R:A 510,0  5,  00001045, 1, 0, 1, 0
20100128104120R:A 510,0  5,  00001045, 9, 0, 1, 0
20100128104210S:A0503,0005,  00000011,01,00
20100128104213R:A 504,0  5,  00000011, 0, 0
20100128104213R:A 503,0  5,  00001045, 0, 0
20100128104228R:A 510,0  5,  00001049,10, 0, 1, 0
20100128104313R:A 510,0  5,  00001276,10, 0, 1, 0
20100128104443R:A 510,0  5,  00001006,10, 0, 1, 0
20100128104451R:A 510,0  5,  00001188,10, 0, 1, 0
20100128104517S:A0500,0005,  00001171,1,00,00
20100128104528R:A 501,0  5,  00001171,0, 0
20100128104528R:A 510,0  5,  00001171, 1, 0, 1, 0
20100128104537R:A 510,0  5,  00001171, 9, 0, 1, 0
20100128104554R:A 510,0  5,  00000023,10, 0, 2, 0
20100128104613R:A 510,0  5,  00001263,10, 0, 2, 0
20100128104657R:A 510,0  5,  00000111,10, 0, 2, 0
20100128104757R:A 510,0  5,  00001192,10, 0, 2, 0
20100128104858S:A0500,0005,  00000091,1,00,00
20100128104909R:A 501,0  5,  00000091,0, 0
20100128104909R:A 510,0  5,  00000091, 1, 0, 2, 0
20100128104917R:A 510,0  5,  00001257,10, 0, 2, 0
20100128104918R:A 510,0  5,  00000091, 9, 0, 2, 0
20100128105007R:A 510,0  5,  00000179,10, 0, 3, 0
20100128105057S:A0503,0005,  00001045,01,00
20100128105101R:A 504,0  5,  00001045, 0, 0
20100128105101R:A 503,0  5,  00001171, 0, 0
20100128105236S:A0500,0005,  00000173,1,00,00
20100128105247R:A 501,0  5,  00000173,0, 0
20100128105247R:A 510,0  5,  00000173, 1, 0, 2, 0
20100128105256R:A 510,0  5,  00000173, 9, 0, 2, 0
20100128105312R:A 510,0  5,  00001269,10, 0, 3, 0
20100128105407R:A 510,0  5,  00000166,10, 0, 3, 0
20100128105505S:A0503,0005,  00001171,01,00
20100128105508R:A 504,0  5,  00001171, 0, 0
20100128105508R:A 503,0  5,  00000091, 0, 0
20100128105528S:A0500,0005,  00000148,1,00,00
20100128105539R:A 501,0  5,  00000148,0, 0
20100128105539R:A 510,0  5,  00000148, 1, 0, 2, 0
20100128105548R:A 510,0  5,  00000148, 9, 0, 2, 0
20100128105644R:A 510,0  5,  00000077,10, 0, 3, 0
20100128105801S:A0500,0005,  00001162,1,00,00
20100128105812R:A 501,0  5,  00001162,0, 0
20100128105813R:A 510,0  5,  00001162, 1, 0, 3, 0
20100128105822R:A 510,0  5,  00001162, 9, 0, 3, 0
20100128105848S:A0503,0005,  00000091,01,00
20100128105851R:A 504,0  5,  00000091, 0, 0
20100128105851R:A 503,0  5,  00000173, 0, 0
20100128110234S:A0503,0005,  00000173,01,00
20100128110237R:A 504,0  5,  00000173, 0, 0
20100128110237R:A 503,0  5,  00000148, 0, 0
20100128110253R:A 510,0  5,  00000036,10, 0, 2, 0
20100128110508R:A 510,0  5,  00001195,10, 0, 2, 0
20100128110525S:A0503,0005,  00000148,01,00
20100128110528R:A 504,0  5,  00000148, 0, 0
20100128110528R:A 503,0  5,  00001162, 0, 0
20100128110738R:A 510,0  5,  00001220,10, 0, 1, 0
20100128110758S:A0503,0005,  00001162,01,00
20100128110801R:A 504,0  5,  00001162, 0, 0
20100128110801R:I 503,0  5,0100, 0, 0, 0, 0
20100128110910S:A0500,0005,  00001253,1,00,00
20100128110910R:I 503,0  5,0101, 0, 0, 0, 0
20100128110913R:A 510,0  5,  00000066,10, 0, 0, 0
20100128110925R:A 501,0  5,  00001253,0, 0
20100128110925R:A 510,0  5,  00001253, 1, 0, 0, 0
20100128110934R:A 510,0  5,  00001253, 9, 0, 0, 0
20100128110938R:A 503,0  5,  00001253, 0, 0
20100128111557R:A 510,0  5,  00001161,10, 0, 1, 0
20100128111615R:A 510,0  5,  00000041,10, 0, 1, 0
20100128111650R:A 510,0  5,  00000063,10, 0, 1, 0
20100128111736S:A0500,0005,  00000198,1,00,00
20100128111747R:A 501,0  5,  00000198,0, 0
20100128111747R:A 510,0  5,  00000198, 1, 0, 1, 0
20100128111756R:A 510,0  5,  00000198, 9, 0, 1, 0
20100128111802R:A 510,0  5,  00001035,10, 0, 2, 0
20100128111844S:A0500,0005,  00001206,1,00,00
20100128111855R:A 501,0  5,  00001206,0, 0
20100128111855R:A 510,0  5,  00001206, 1, 0, 2, 0
20100128111904R:A 510,0  5,  00001206, 9, 0, 2, 0
20100128111908S:A0503,0005,  00001253,01,00
20100128111915R:A 504,0  5,  00001253, 0, 0
20100128111915R:A 503,0  5,  00000198, 0, 0
20100128112100S:A0500,0005,  00001182,1,00,00
20100128112111R:A 501,0  5,  00001182,0, 0
20100128112111R:A 510,0  5,  00001182, 1, 0, 2, 0
20100128112120R:A 510,0  5,  00001182, 9, 0, 2, 0
20100128112430R:A 510,0  5,  00000193,10, 0, 3, 0
20100128112727S:A0503,0005,  00000198,01,00
20100128112730R:A 504,0  5,  00000198, 0, 0
20100128112730R:A 503,0  5,  00001206, 0, 0
20100128112741R:A 510,0  5,  00000196,10, 0, 2, 0
20100128112833S:A0503,0005,  00001206,01,00
20100128112836R:A 504,0  5,  00001206, 0, 0
20100128112836R:A 503,0  5,  00001182, 0, 0
20100128112909R:A 510,0  5,  00001256,10, 0, 1, 0
20100128113015S:A0500,0005,  00001285,1,00,00
20100128113026R:A 501,0  5,  00001285,0, 0
20100128113026R:A 510,0  5,  00001285, 1, 0, 1, 0
20100128113035R:A 510,0  5,  00001285, 9, 0, 1, 0
20100128113057S:A0503,0005,  00001182,01,00
20100128113100R:A 504,0  5,  00001182, 0, 0
20100128113100R:A 503,0  5,  00001285, 0, 0
20100128113208S:A0500,0005,  00000183,1,00,00
20100128113219R:A 501,0  5,  00000183,0, 0
20100128113219R:A 510,0  5,  00000183, 1, 0, 1, 0
20100128113228R:A 510,0  5,  00000183, 9, 0, 1, 0
20100128113410S:A0500,0005,  00001294,1,00,00
20100128113421R:A 501,0  5,  00001294,0, 0
20100128113421R:A 510,0  5,  00001294, 1, 0, 2, 0
20100128113430R:A 510,0  5,  00001294, 9, 0, 2, 0
20100128113536R:A 510,0  5,  00001111,10, 0, 3, 0
20100128113622R:A 510,0  5,  00000042,10, 0, 3, 0
20100128113742R:A 510,0  5,  00001221,10, 0, 3, 0
20100128113751R:A 510,0  5,  00001016,10, 0, 3, 0
20100128114003S:A0503,0005,  00001285,01,00
20100128114006R:A 504,0  5,  00001285, 0, 0
20100128114006R:A 503,0  5,  00000183, 0, 0
20100128114154S:A0503,0005,  00000183,01,00
20100128114157R:A 504,0  5,  00000183, 0, 0
20100128114157R:A 503,0  5,  00001294, 0, 0
20100128114407S:A0503,0005,  00001294,01,00
20100128114410R:A 504,0  5,  00001294, 0, 0
20100128114410R:I 503,0  5,0100, 0, 0, 0, 0
20100128114505S:A0500,0005,  00001300,1,00,00
20100128114505R:I 503,0  5,0101, 0, 0, 0, 0
20100128114516R:A 501,0  5,  00001300,0, 0
20100128114516R:A 510,0  5,  00001300, 1, 0, 0, 0
20100128114525R:A 510,0  5,  00001300, 9, 0, 0, 0
20100128114530R:A 503,0  5,  00001300, 0, 0
20100128114530R:A 510,0  5,  00001291,10, 0, 1, 0
20100128114737R:A 510,0  5,  00000134,10, 0, 1, 0
20100128114840R:A 510,0  5,  00001041,10, 0, 1, 0
20100128115110R:A 510,0  5,  00000078,10, 0, 1, 0
20100128115501S:A0503,0005,  00001300,01,00
20100128115504R:A 504,0  5,  00001300, 0, 0
20100128115504R:I 503,0  5,0100, 0, 0, 0, 0
20100128115626S:A0500,0005,  00001281,1,00,00
20100128115626R:I 503,0  5,0101, 0, 0, 0, 0
20100128115637R:A 501,0  5,  00001281,0, 0
20100128115637R:A 510,0  5,  00001281, 1, 0, 0, 0
20100128115646R:A 510,0  5,  00001281, 9, 0, 0, 0
20100128115650R:A 503,0  5,  00001281, 0, 0
20100128120117R:A 510,0  5,  00001255,10, 0, 1, 0
20100128120259R:A 510,0  5,  00000001,10, 0, 1, 0
20100128120317S:A0500,0005,  00000182,1,00,00
20100128120322R:A 510,0  5,  00001131,10, 0, 1, 0
20100128120334R:A 501,0  5,  00000182,0, 0
20100128120334R:A 510,0  5,  00000182, 1, 0, 1, 0
20100128120343R:A 510,0  5,  00000182, 9, 0, 1, 0
20100128120414R:A 510,0  5,  00001031,10, 0, 2, 0
20100128120517R:A 510,0  5,  00000142,10, 0, 2, 0
20100128120622S:A0503,0005,  00001281,01,00
20100128120626R:A 504,0  5,  00001281, 0, 0
20100128120626R:A 503,0  5,  00000182, 0, 0
20100128120648R:A 510,0  5,  00000052,10, 0, 1, 0
20100128120810S:A0500,0005,  00000125,1,00,00
20100128120821R:A 501,0  5,  00000125,0, 0
20100128120822R:A 510,0  5,  00000125, 1, 0, 1, 0
20100128120830R:A 510,0  5,  00000125, 9, 0, 1, 0
20100128120914R:A 510,0  5,  00000131,10, 0, 2, 0
20100128121156R:A 510,0  5,  00000124,10, 0, 2, 0
20100128121219R:A 510,0  5,  00001277,10, 0, 2, 0
20100128121231R:A 510,0  5,  00000049,10, 0, 2, 0
20100128121246S:A0500,0005,  00001003,1,00,00
20100128121257R:A 501,0  5,  00001003,0, 0
20100128121257R:A 510,0  5,  00001003, 1, 0, 2, 0
20100128121306R:A 510,0  5,  00001003, 9, 0, 2, 0
20100128121313S:A0503,0005,  00000182,01,00
20100128121317R:A 504,0  5,  00000182, 0, 0
20100128121317R:A 503,0  5,  00000125, 0, 0
20100128121319R:A 510,0  5,  00001268,10, 0, 2, 0
20100128121806S:A0503,0005,  00000125,01,00
20100128121809R:A 504,0  5,  00000125, 0, 0
20100128121809R:A 503,0  5,  00001003, 0, 0
20100128122131R:A 510,0  5,  00000035,10, 0, 1, 0
20100128122147R:A 510,0  5,  00001102,10, 0, 1, 0
20100128122241S:A0503,0005,  00001003,01,00
20100128122244R:A 504,0  5,  00001003, 0, 0
20100128122244R:I 503,0  5,0100, 0, 0, 0, 0
20100128122248R:I 503,0  5,0101, 0, 0, 0, 0
20100128122250R:A 510,0  5,  00000135,10, 0, 0, 0
20100128122256R:I 503,0  5,0100, 0, 0, 0, 0
20100128122316S:A0500,0005,  00001258,1,00,00
20100128122316R:I 503,0  5,0101, 0, 0, 0, 0
20100128122322R:A 510,0  5,  00000132,10, 0, 0, 0
20100128122333R:A 501,0  5,  00001258,0, 0
20100128122333R:A 510,0  5,  00001258, 1, 0, 0, 0
20100128122342R:A 510,0  5,  00001258, 9, 0, 0, 0
20100128122347R:A 503,0  5,  00001258, 0, 0
20100128122629R:A 510,0  5,  00001223,10, 0, 1, 0
20100128122722R:A 510,0  5,  00000005,10, 0, 1, 0
20100128122818S:A0500,0005,  00001119,1,00,00
20100128122830R:A 501,0  5,  00001119,0, 0
20100128122830R:A 510,0  5,  00001119, 1, 0, 1, 0
20100128122839R:A 510,0  5,  00001119, 9, 0, 1, 0
20100128123035R:A 510,0  5,  00001272,10, 0, 2, 0
20100128123123R:A 510,0  5,  00000092,10, 0, 2, 0
20100128123313S:A0503,0005,  00001258,01,00
20100128123317R:A 504,0  5,  00001258, 0, 0
20100128123317R:A 503,0  5,  00001119, 0, 0
20100128123353S:A0500,0005,  00000007,1,00,00
20100128123405R:A 501,0  5,  00000007,0, 0
20100128123405R:A 510,0  5,  00000007, 1, 0, 1, 0
20100128123414R:A 510,0  5,  00000007, 9, 0, 1, 0
20100128123816S:A0503,0005,  00001119,01,00
20100128123819R:A 504,0  5,  00001119, 0, 0
20100128123819R:A 503,0  5,  00000007, 0, 0
20100128124155R:A 510,0  5,  00000155,10, 0, 1, 0
20100128124205R:A 510,0  5,  00001278,10, 0, 1, 0
20100128124349S:A0503,0005,  00000007,01,00
20100128124352R:A 504,0  5,  00000007, 0, 0
20100128124352R:I 503,0  5,0100, 0, 0, 0, 0
20100128124439R:I 503,0  5,0101, 0, 0, 0, 0
20100128124441R:A 510,0  5,  00001224,10, 0, 0, 0
20100128124447R:I 503,0  5,0100, 0, 0, 0, 0
20100128124521R:I 503,0  5,0101, 0, 0, 0, 0
20100128124523R:A 510,0  5,  00000098,10, 0, 0, 0
20100128124529R:I 503,0  5,0100, 0, 0, 0, 0
20100128124851R:I 503,0  5,0101, 0, 0, 0, 0
20100128124853R:A 510,0  5,  00001145,10, 0, 0, 0
20100128124859R:I 503,0  5,0100, 0, 0, 0, 0
20100128124926R:I 503,0  5,0101, 0, 0, 0, 0
20100128124927R:A 510,0  5,  00001271,10, 0, 0, 0
20100128124934R:I 503,0  5,0100, 0, 0, 0, 0
20100128125047R:I 503,0  5,0101, 0, 0, 0, 0
20100128125049R:A 510,0  5,  00000114,10, 0, 0, 0
20100128125055R:I 503,0  5,0100, 0, 0, 0, 0
20100128125125R:I 503,0  5,0101, 0, 0, 0, 0
20100128125126R:A 510,0  5,  00000067,10, 0, 0, 0
20100128125133R:I 503,0  5,0100, 0, 0, 0, 0
20100128125157R:I 503,0  5,0101, 0, 0, 0, 0
20100128125158R:A 510,0  5,  00001170,10, 0, 0, 0
20100128125204R:I 503,0  5,0100, 0, 0, 0, 0
20100128125212R:I 503,0  5,0101, 0, 0, 0, 0
20100128125213R:A 510,0  5,  00000090,10, 0, 0, 0
20100128125219R:I 503,0  5,0100, 0, 0, 0, 0
20100128125411R:I 503,0  5,0101, 0, 0, 0, 0
20100128125413R:A 510,0  5,  00001032,10, 0, 0, 0
20100128125419R:I 503,0  5,0100, 0, 0, 0, 0
20100128125715R:I 503,0  5,0101, 0, 0, 0, 0
20100128125717R:A 510,0  5,  00000169,10, 0, 0, 0
20100128125723R:I 503,0  5,0100, 0, 0, 0, 0
20100128130018R:I 503,0  5,0101, 0, 0, 0, 0
20100128130019R:A 510,0  5,  00001007,10, 0, 0, 0
20100128130025R:I 503,0  5,0100, 0, 0, 0, 0
20100128130115R:I 503,0  5,0101, 0, 0, 0, 0
20100128130116R:A 510,0  5,  00000167,10, 0, 0, 0
20100128130123R:I 503,0  5,0100, 0, 0, 0, 0
20100128130327R:I 503,0  5,0101, 0, 0, 0, 0
20100128130329R:A 510,0  5,  00001159,10, 0, 0, 0
20100128130335R:I 503,0  5,0100, 0, 0, 0, 0
20100128130401R:I 503,0  5,0101, 0, 0, 0, 0
20100128130403R:A 510,0  5,  00001149,10, 0, 0, 0
20100128130409R:I 503,0  5,0100, 0, 0, 0, 0
20100128130431R:I 503,0  5,0101, 0, 0, 0, 0
20100128130433R:A 510,0  5,  00001297,10, 0, 0, 0
20100128130439R:I 503,0  5,0100, 0, 0, 0, 0
20100128130817R:I 503,0  5,0101, 0, 0, 0, 0
20100128130819R:A 510,0  5,  00001106,10, 0, 0, 0
20100128130825R:I 503,0  5,0100, 0, 0, 0, 0
20100128130902R:I 503,0  5,0101, 0, 0, 0, 0
20100128130903R:A 510,0  5,  00001122,10, 0, 0, 0
20100128130909R:I 503,0  5,0100, 0, 0, 0, 0
20100128131435R:I 503,0  5,0101, 0, 0, 0, 0
20100128131437R:A 510,0  5,  00001270,10, 0, 0, 0
20100128131443R:I 503,0  5,0100, 0, 0, 0, 0
20100128131845R:I 503,0  5,0101, 0, 0, 0, 0
20100128131847R:A 510,0  5,  00000075,10, 0, 0, 0
20100128131853R:I 503,0  5,0100, 0, 0, 0, 0
20100128131922R:I 503,0  5,0101, 0, 0, 0, 0
20100128131924R:A 510,0  5,  00001217,10, 0, 0, 0
20100128131930R:I 503,0  5,0100, 0, 0, 0, 0
20100128132001R:I 503,0  5,0101, 0, 0, 0, 0
20100128132003R:A 510,0  5,  00000071,10, 0, 0, 0
20100128132009R:I 503,0  5,0100, 0, 0, 0, 0
20100128132009R:I 503,0  5,0101, 0, 0, 0, 0
20100128132011R:A 510,0  5,  00001036,10, 0, 0, 0
20100128132017R:I 503,0  5,0100, 0, 0, 0, 0
20100128132038R:I 503,0  5,0101, 0, 0, 0, 0
20100128132039R:A 510,0  5,  00000024,10, 0, 0, 0
20100128132045R:I 503,0  5,0100, 0, 0, 0, 0
20100128132748R:I 503,0  5,0101, 0, 0, 0, 0
20100128132749R:A 510,0  5,  00000093,10, 0, 0, 0
20100128132755R:I 503,0  5,0100, 0, 0, 0, 0
20100128132759R:I 503,0  5,0101, 0, 0, 0, 0
20100128132800R:A 510,0  5,  00000161,10, 0, 0, 0
20100128132806R:I 503,0  5,0100, 0, 0, 0, 0
20100128132945R:I 503,0  5,0101, 0, 0, 0, 0
20100128132947R:A 510,0  5,  00000119,10, 0, 0, 0
20100128132953R:I 503,0  5,0100, 0, 0, 0, 0
20100128133439R:I 503,0  5,0101, 0, 0, 0, 0
20100128133440R:A 510,0  5,  00000106,10, 0, 0, 0
20100128133446R:I 503,0  5,0100, 0, 0, 0, 0
20100128133726R:I 503,0  5,0101, 0, 0, 0, 0
20100128133728R:A 510,0  5,  00000017,10, 0, 0, 0
20100128133734R:I 503,0  5,0100, 0, 0, 0, 0
20100128133843R:I 503,0  5,0101, 0, 0, 0, 0
20100128133844R:A 510,0  5,  00000056,10, 0, 0, 0
20100128133850R:I 503,0  5,0100, 0, 0, 0, 0
20100128134427R:I 503,0  5,0101, 0, 0, 0, 0
20100128134429R:A 510,0  5,  00000118,10, 0, 0, 0
20100128134435R:I 503,0  5,0100, 0, 0, 0, 0
20100128134830R:I 503,0  5,0101, 0, 0, 0, 0
20100128134832R:A 510,0  5,  00000014,10, 0, 0, 0
20100128134838R:I 503,0  5,0100, 0, 0, 0, 0
20100128135020R:I 503,0  5,0101, 0, 0, 0, 0
20100128135022R:A 510,0  5,  00001152,10, 0, 0, 0
20100128135028R:I 503,0  5,0100, 0, 0, 0, 0
20100128135253R:I 503,0  5,0101, 0, 0, 0, 0
20100128135255R:A 510,0  5,  00000059,10, 0, 0, 0
20100128135301R:I 503,0  5,0100, 0, 0, 0, 0
20100128135338R:I 503,0  5,0101, 0, 0, 0, 0
20100128135339R:A 510,0  5,  00000177,10, 0, 0, 0
20100128135346R:I 503,0  5,0100, 0, 0, 0, 0
20100128135627R:I 503,0  5,0101, 0, 0, 0, 0
20100128135629R:A 510,0  5,  00001254,10, 0, 0, 0
20100128135635R:I 503,0  5,0100, 0, 0, 0, 0
20100128140424R:I 503,0  5,0101, 0, 0, 0, 0
20100128140426R:A 510,0  5,  00001280,10, 0, 0, 0
20100128140432R:I 503,0  5,0100, 0, 0, 0, 0
20100128140937R:I 503,0  5,0101, 0, 0, 0, 0
20100128140939R:A 510,0  5,  00000081,10, 0, 0, 0
20100128140945R:I 503,0  5,0100, 0, 0, 0, 0
20100128141437R:I 503,0  5,0101, 0, 0, 0, 0
20100128141438R:A 510,0  5,  00001027,10, 0, 0, 0
20100128141444R:I 503,0  5,0100, 0, 0, 0, 0
20100128142337R:I 503,0  5,0101, 0, 0, 0, 0
20100128142338R:A 510,0  5,  00000147,10, 0, 0, 0
20100128142344R:I 503,0  5,0100, 0, 0, 0, 0
20100128142619R:I 503,0  5,0101, 0, 0, 0, 0
20100128142620R:A 510,0  5,  00001267,10, 0, 0, 0
20100128142627R:I 503,0  5,0100, 0, 0, 0, 0
20100128142638R:I 503,0  5,0101, 0, 0, 0, 0
20100128142640R:A 510,0  5,  00000123,10, 0, 0, 0
20100128142646R:I 503,0  5,0100, 0, 0, 0, 0
20100128142724R:I 503,0  5,0101, 0, 0, 0, 0
20100128142726R:A 510,0  5,  00000163,10, 0, 0, 0
20100128142732R:I 503,0  5,0100, 0, 0, 0, 0
20100128143842R:I 503,0  5,0101, 0, 0, 0, 0
20100128143844R:A 510,0  5,  00001299,10, 0, 0, 0
20100128143850R:I 503,0  5,0100, 0, 0, 0, 0
20100128143923R:I 503,0  5,0101, 0, 0, 0, 0
20100128143925R:A 510,0  5,  00000122,10, 0, 0, 0
20100128143931R:I 503,0  5,0100, 0, 0, 0, 0
20100128144223R:I 503,0  5,0101, 0, 0, 0, 0
20100128144225R:A 510,0  5,  00000141,10, 0, 0, 0
20100128144231R:I 503,0  5,0100, 0, 0, 0, 0
20100128145128R:I 503,0  5,0101, 0, 0, 0, 0
20100128145130R:A 510,0  5,  00000097,10, 0, 0, 0
20100128145136R:I 503,0  5,0100, 0, 0, 0, 0
20100128145655R:I 503,0  5,0101, 0, 0, 0, 0
20100128145657R:A 510,0  5,  00000127,10, 0, 0, 0
20100128145703R:I 503,0  5,0100, 0, 0, 0, 0
20100128150932R:I 503,0  5,0101, 0, 0, 0, 0
20100128150933R:A 510,0  5,  00001286,10, 0, 0, 0
20100128150939R:I 503,0  5,0100, 0, 0, 0, 0
20100128151250R:I 503,0  5,0101, 0, 0, 0, 0
20100128151252R:A 510,0  5,  00001136,10, 0, 0, 0
20100128151258R:I 503,0  5,0100, 0, 0, 0, 0
20100128151309R:I 503,0  5,0101, 0, 0, 0, 0
20100128151310R:A 510,0  5,  00000079,10, 0, 0, 0
20100128151316R:I 503,0  5,0100, 0, 0, 0, 0
20100128151331R:I 503,0  5,0101, 0, 0, 0, 0
20100128151332R:A 510,0  5,  00000168,10, 0, 0, 0
20100128151338R:I 503,0  5,0100, 0, 0, 0, 0
20100128151708S:A0500,0005,  00000192,1,00,00
20100128151708R:I 503,0  5,0101, 0, 0, 0, 0
20100128151719R:A 501,0  5,  00000192,0, 0
20100128151719R:A 510,0  5,  00000192, 1, 0, 0, 0
20100128151728R:A 510,0  5,  00000192, 9, 0, 0, 0
20100128151733R:A 503,0  5,  00000192, 0, 0
20100128152116R:A 510,0  5,  00001042,10, 0, 1, 0
20100128152542S:A0500,0005,  00001260,1,00,00
20100128152553R:A 501,0  5,  00001260,0, 0
20100128152553R:A 510,0  5,  00001260, 1, 0, 1, 0
20100128152602R:A 510,0  5,  00001260, 9, 0, 1, 0
20100128152705S:A0503,0005,  00000192,01,00
20100128152708R:A 504,0  5,  00000192, 0, 0
20100128152708R:A 503,0  5,  00001260, 0, 0
20100128152721S:A0500,0005,  00001030,1,00,00
20100128152733R:A 501,0  5,  00001030,0, 0
20100128152733R:A 510,0  5,  00001030, 1, 0, 1, 0
20100128152742R:A 510,0  5,  00001030, 9, 0, 1, 0
20100128153516R:A 510,0  5,  00001295,10, 0, 2, 0
20100128153527S:A0503,0005,  00001260,02,00
20100128153537R:A 504,0  5,  00001260, 0, 0
20100128153537R:A 503,0  5,  00001030, 0, 0
20100128153649S:A0500,0005,  00000100,1,00,00
20100128153700R:A 501,0  5,  00000100,0, 0
20100128153700R:A 510,0  5,  00000100, 1, 0, 1, 0
20100128153709R:A 510,0  5,  00000100, 9, 0, 1, 0
20100128153712R:A 510,0  5,  00001260,10, 0, 2, 0
20100128153717S:A0503,0005,  00001030,01,00
20100128153722R:A 504,0  5,  00001030, 0, 0
20100128153723R:A 503,0  5,  00000100, 0, 0
20100128154329R:A 510,0  5,  00001266,10, 0, 1, 0
20100128154635S:A0503,0005,  00000100,01,00
20100128154638R:A 504,0  5,  00000100, 0, 0
20100128154638R:I 503,0  5,0100, 0, 0, 0, 0
20100128154814S:A0500,0005,  00001158,1,00,00
20100128154814R:I 503,0  5,0101, 0, 0, 0, 0
20100128154825R:A 501,0  5,  00001158,0, 0
20100128154825R:A 510,0  5,  00001158, 1, 0, 0, 0
20100128154834R:A 510,0  5,  00001158, 9, 0, 0, 0
20100128154839R:A 503,0  5,  00001158, 0, 0
20100128155341R:A 510,0  5,  00001177,10, 0, 1, 0
20100128155800S:A0500,0005,  00001021,1,00,00
20100128155808S:A0503,0005,  00001158,01,00
20100128155811R:A 504,0  5,  00001158, 0, 0
20100128155813R:A 501,0  5,  00001021,0, 0
20100128155813R:A 510,0  5,  00001021, 1, 0, 0, 0
20100128155822R:A 510,0  5,  00001021, 9, 0, 0, 0
20100128155827R:A 503,0  5,  00001021, 0, 0
20100128160447R:A 510,0  5,  00000128,10, 0, 1, 0
20100128160758S:A0503,0005,  00001021,02,00
20100128160807R:A 504,0  5,  00001021, 0, 0
20100128160807R:I 503,0  5,0100, 0, 0, 0, 0
20100128160849R:I 503,0  5,0101, 0, 0, 0, 0
20100128160851R:A 510,0  5,  00001021,10, 0, 0, 0
20100128160857R:I 503,0  5,0100, 0, 0, 0, 0
