20100128073632S:A0500,0006,  00000125,1,00,00
20100128073633R:I 503,0  6,0101, 0, 0, 0, 0
20100128073643R:A 501,0  6,  00000125,0, 0
20100128073644R:A 510,0  6,  00000125, 1, 0, 0, 0
20100128073653R:A 510,0  6,  00000125, 9, 0, 0, 0
20100128073657R:A 503,0  6,  00000125, 0, 0
20100128073754S:A0500,0006,  00001268,1,00,00
20100128073805R:A 501,0  6,  00001268,0, 0
20100128073805R:A 510,0  6,  00001268, 1, 0, 1, 0
20100128073814R:A 510,0  6,  00001268, 9, 0, 1, 0
20100128074158S:A0500,0006,  00000007,1,00,00
20100128074209R:A 501,0  6,  00000007,0, 0
20100128074209R:A 510,0  6,  00000007, 1, 0, 2, 0
20100128074219R:A 510,0  6,  00000007, 9, 0, 2, 0
20100128074307S:A0500,0006,  00000132,1,00,00
20100128074318R:A 501,0  6,  00000132,0, 0
20100128074318R:A 510,0  6,  00000132, 1, 0, 3, 0
20100128074327R:A 510,0  6,  00000132, 9, 0, 3, 0
20100128074621S:A0503,0006,  00000125,01,00
20100128074625R:A 504,0  6,  00000125, 0, 0
20100128074625R:A 503,0  6,  00001268, 0, 0
20100128074647R:A 510,0  6,  00001272,10, 0, 3, 0
20100128074742S:A0503,0006,  00001268,02,00
20100128074751R:A 504,0  6,  00001268, 0, 0
20100128074751R:A 503,0  6,  00000007, 0, 0
20100128074832R:A 510,0  6,  00001268,10, 0, 2, 0
20100128075145S:A0503,0006,  00000007,01,00
20100128075148R:A 504,0  6,  00000007, 0, 0
20100128075148R:A 503,0  6,  00000132, 0, 0
20100128075233R:A 510,0  6,  00000183,10, 0, 1, 0
20100128075304S:A0503,0006,  00000132,01,00
20100128075307R:A 504,0  6,  00000132, 0, 0
20100128075307R:I 503,0  6,0100, 0, 0, 0, 0
20100128075436R:I 503,0  6,0101, 0, 0, 0, 0
20100128075438R:A 510,0  6,  00000155,10, 0, 0, 0
20100128075444R:I 503,0  6,0100, 0, 0, 0, 0
20100128080452S:A0500,0006,  00000094,1,00,00
20100128080453R:I 503,0  6,0101, 0, 0, 0, 0
20100128080504R:A 501,0  6,  00000094,0, 0
20100128080504R:A 510,0  6,  00000094, 1, 0, 0, 0
20100128080513R:A 510,0  6,  00000094, 9, 0, 0, 0
20100128080517R:A 503,0  6,  00000094, 0, 0
20100128080705R:A 510,0  6,  00001258,10, 0, 1, 0
20100128080821R:A 510,0  6,  00001130,10, 0, 1, 0
20100128080915R:A 510,0  6,  00001134,10, 0, 1, 0
20100128081148S:A0500,0006,  00001182,1,00,00
20100128081159R:A 501,0  6,  00001182,0, 0
20100128081159R:A 510,0  6,  00001182, 1, 0, 1, 0
20100128081208R:A 510,0  6,  00001182, 9, 0, 1, 0
20100128081321R:A 510,0  6,  00001219,10, 0, 2, 0
20100128081448S:A0503,0006,  00000094,01,00
20100128081452R:A 504,0  6,  00000094, 0, 0
20100128081452R:A 503,0  6,  00001182, 0, 0
20100128081551R:A 510,0  6,  00001032,10, 0, 1, 0
20100128081909S:A0500,0006,  00001277,1,00,00
20100128081920R:A 501,0  6,  00001277,0, 0
20100128081920R:A 510,0  6,  00001277, 1, 0, 1, 0
20100128081929R:A 510,0  6,  00001277, 9, 0, 1, 0
20100128082145S:A0503,0006,  00001182,02,00
20100128082154R:A 504,0  6,  00001182, 0, 0
20100128082154R:A 503,0  6,  00001277, 0, 0
20100128082236R:A 510,0  6,  00001182,10, 0, 1, 0
20100128082515R:A 510,0  6,  00001206,10, 0, 1, 0
20100128082900S:A0500,0006,  00000012,1,00,00
20100128082906S:A0503,0006,  00001277,01,00
20100128082909R:A 504,0  6,  00001277, 0, 0
20100128082911R:A 501,0  6,  00000012,0, 0
20100128082912R:A 510,0  6,  00000012, 1, 0, 0, 0
20100128082920R:A 510,0  6,  00000012, 9, 0, 0, 0
20100128082925R:A 503,0  6,  00000012, 0, 0
20100128082941R:A 510,0  6,  00000090,10, 0, 1, 0
20100128083059S:A0500,0006,  00000100,1,00,00
20100128083110R:A 501,0  6,  00000100,0, 0
20100128083110R:A 510,0  6,  00000100, 1, 0, 1, 0
20100128083119R:A 510,0  6,  00000100, 9, 0, 1, 0
20100128083126R:A 510,0  6,  00001003,10, 0, 2, 0
20100128083254R:A 510,0  6,  00001291,10, 0, 2, 0
20100128083449R:A 510,0  6,  00001220,10, 0, 2, 0
20100128083602S:A0500,0006,  00001215,1,00,00
20100128083613R:A 501,0  6,  00001215,0, 0
20100128083613R:A 510,0  6,  00001215, 1, 0, 2, 0
20100128083622R:A 510,0  6,  00001215, 9, 0, 2, 0
20100128083804S:A0500,0006,  00001106,1,00,00
20100128083815R:A 501,0  6,  00001106,0, 0
20100128083815R:A 510,0  6,  00001106, 1, 0, 3, 0
20100128083824R:A 510,0  6,  00001106, 9, 0, 3, 0
20100128083851S:A0503,0006,  00000012,02,00
20100128083901R:A 504,0  6,  00000012, 0, 0
20100128083901R:A 503,0  6,  00000100, 0, 0
20100128083953S:A0500,0006,  00000135,1,00,00
20100128084004R:A 501,0  6,  00000135,0, 0
20100128084004R:A 510,0  6,  00000135, 1, 0, 3, 0
20100128084013R:A 510,0  6,  00000135, 9, 0, 3, 0
20100128084029R:A 510,0  6,  00001186,10, 0, 4, 0
20100128084057S:A0503,0006,  00000100,01,00
20100128084101R:A 504,0  6,  00000100, 0, 0
20100128084101R:A 503,0  6,  00001215, 0, 0
20100128084123R:A 510,0  6,  00001260,10, 0, 3, 0
20100128084259S:A0500,0006,  00000035,1,00,00
20100128084310R:A 501,0  6,  00000035,0, 0
20100128084310R:A 510,0  6,  00000035, 1, 0, 3, 0
20100128084319R:A 510,0  6,  00000035, 9, 0, 3, 0
20100128084343R:A 510,0  6,  00001119,10, 0, 4, 0
20100128084436R:A 510,0  6,  00001033,10, 0, 4, 0
20100128084449R:A 510,0  6,  00000142,10, 0, 4, 0
20100128084458R:A 510,0  6,  00001194,10, 0, 4, 0
20100128084552S:A0503,0006,  00001215,01,00
20100128084556R:A 504,0  6,  00001215, 0, 0
20100128084556R:A 503,0  6,  00001106, 0, 0
20100128084609S:A0500,0006,  00000151,1,00,00
20100128084625R:A 501,0  6,  00000151,0, 0
20100128084625R:A 510,0  6,  00000151, 1, 0, 3, 0
20100128084634R:A 510,0  6,  00000151, 9, 0, 3, 0
20100128084637R:A 510,0  6,  00000012,10, 0, 4, 0
20100128084736R:A 510,0  6,  00001102,10, 0, 4, 0
20100128084744R:A 510,0  6,  00000129,10, 0, 4, 0
20100128084753S:A0503,0006,  00001106,01,00
20100128084756R:A 504,0  6,  00001106, 0, 0
20100128084757R:A 503,0  6,  00000135, 0, 0
20100128084910S:A0500,0006,  00000033,1,00,00
20100128084921R:A 501,0  6,  00000033,0, 0
20100128084921R:A 510,0  6,  00000033, 1, 0, 3, 0
20100128084930R:A 510,0  6,  00000033, 9, 0, 3, 0
20100128084944S:A0503,0006,  00000135,02,00
20100128084953R:A 504,0  6,  00000135, 0, 0
20100128084953R:A 503,0  6,  00000035, 0, 0
20100128085040R:A 510,0  6,  00000188,10, 0, 3, 0
20100128085103S:A0500,0006,  00001281,1,00,00
20100128085114R:A 501,0  6,  00001281,0, 0
20100128085114R:A 510,0  6,  00001281, 1, 0, 3, 0
20100128085123R:A 510,0  6,  00001281, 9, 0, 3, 0
20100128085250S:A0503,0006,  00000035,02,00
20100128085259R:A 504,0  6,  00000035, 0, 0
20100128085259R:A 503,0  6,  00000151, 0, 0
20100128085319R:A 510,0  6,  00001116,10, 0, 3, 0
20100128085400R:A 510,0  6,  00001273,10, 0, 3, 0
20100128085404S:A0500,0006,  00001131,1,00,00
20100128085415R:A 501,0  6,  00001131,0, 0
20100128085416R:A 510,0  6,  00001131, 1, 0, 3, 0
20100128085424R:A 510,0  6,  00001131, 9, 0, 3, 0
20100128085559S:A0503,0006,  00000151,01,00
20100128085603R:A 504,0  6,  00000151, 0, 0
20100128085603R:A 503,0  6,  00000033, 0, 0
20100128085851R:A 510,0  6,  00000140,10, 0, 3, 0
20100128085859S:A0503,0006,  00000033,01,00
20100128085902R:A 504,0  6,  00000033, 0, 0
20100128085903R:A 503,0  6,  00001281, 0, 0
20100128085921S:A0500,0006,  00001041,1,00,00
20100128085933R:A 501,0  6,  00001041,0, 0
20100128085933R:A 510,0  6,  00001041, 1, 0, 2, 0
20100128085942R:A 510,0  6,  00001041, 9, 0, 2, 0
20100128090054S:A0503,0006,  00001281,01,00
20100128090057R:A 504,0  6,  00001281, 0, 0
20100128090057R:A 503,0  6,  00001131, 0, 0
20100128090259S:A0500,0006,  00001001,1,00,00
20100128090310R:A 501,0  6,  00001001,0, 0
20100128090310R:A 510,0  6,  00001001, 1, 0, 2, 0
20100128090319R:A 510,0  6,  00001001, 9, 0, 2, 0
20100128090323R:A 510,0  6,  00000135,10, 0, 3, 0
20100128090355S:A0503,0006,  00001131,01,00
20100128090358R:A 504,0  6,  00001131, 0, 0
20100128090358R:A 503,0  6,  00001041, 0, 0
20100128090448S:A0500,0006,  00001029,1,00,00
20100128090507R:A 501,0  6,  00001029,0, 0
20100128090507R:A 510,0  6,  00001029, 1, 0, 2, 0
20100128090516R:A 510,0  6,  00001029, 9, 0, 2, 0
20100128090519R:A 510,0  6,  00000035,10, 0, 3, 0
20100128090535R:A 510,0  6,  00000078,10, 0, 3, 0
20100128090545R:A 510,0  6,  00000124,10, 0, 3, 0
20100128090625R:A 510,0  6,  00000134,10, 0, 3, 0
20100128090633R:A 510,0  6,  00001300,10, 0, 3, 0
20100128090912S:A0503,0006,  00001041,01,00
20100128090915R:A 504,0  6,  00001041, 0, 0
20100128090916R:A 503,0  6,  00001001, 0, 0
20100128091027S:A0500,0006,  00000154,1,00,00
20100128091038R:A 501,0  6,  00000154,0, 0
20100128091039R:A 510,0  6,  00000154, 1, 0, 2, 0
20100128091046R:A 510,0  6,  00000042,10, 0, 2, 0
20100128091047R:A 510,0  6,  00000154, 9, 0, 2, 0
20100128091102R:A 510,0  6,  00001296,10, 0, 3, 0
20100128091110R:A 510,0  6,  00001101,10, 0, 3, 0
20100128091143R:A 510,0  6,  00001141,10, 0, 3, 0
20100128091203R:A 510,0  6,  00000181,10, 0, 3, 0
20100128091250S:A0503,0006,  00001001,01,00
20100128091253R:A 504,0  6,  00001001, 0, 0
20100128091253R:A 503,0  6,  00001029, 0, 0
20100128091319R:A 510,0  6,  00001113,10, 0, 2, 0
20100128091337R:A 510,0  6,  00001112,10, 0, 2, 0
20100128091355R:A 510,0  6,  00000164,10, 0, 2, 0
20100128091423S:A0500,0006,  00000054,1,00,00
20100128091431S:A0503,0006,  00001029,02,00
20100128091434R:A 501,0  6,  00000054,0, 0
20100128091434R:A 510,0  6,  00000054, 1, 0, 2, 0
20100128091443R:A 510,0  6,  00000054, 9, 0, 1, 0
20100128091448R:A 504,0  6,  00001029, 0, 0
20100128091448R:A 503,0  6,  00000154, 0, 0
20100128091549R:A 510,0  6,  00000082,10, 0, 2, 0
20100128091635R:A 510,0  6,  00001198,10, 0, 2, 0
20100128091647R:A 510,0  6,  00000028,10, 0, 2, 0
20100128091713R:A 510,0  6,  00000032,10, 0, 2, 0
20100128091742R:A 510,0  6,  00001034,10, 0, 2, 0
20100128091832S:A0500,0006,  00000186,1,00,00
20100128091843R:A 501,0  6,  00000186,0, 0
20100128091843R:A 510,0  6,  00000186, 1, 0, 2, 0
20100128091845S:A0500,0006,  00000156,1,00,00
20100128091852R:A 510,0  6,  00000186, 9, 0, 2, 0
20100128091856R:A 501,0  6,  00000156,0, 0
20100128091856R:A 510,0  6,  00000156, 1, 0, 3, 0
20100128091904R:A 510,0  6,  00000194,10, 0, 3, 0
20100128091905R:A 510,0  6,  00000156, 9, 0, 3, 0
20100128091912R:A 510,0  6,  00001015,10, 0, 4, 0
20100128091920R:A 510,0  6,  00001109,10, 0, 4, 0
20100128091958S:A0500,0006,  00000108,1,00,00
20100128092009R:A 501,0  6,  00000108,0, 0
20100128092009R:A 510,0  6,  00000108, 1, 0, 4, 0
20100128092018S:A0503,0006,  00000154,01,00
20100128092019R:A 510,0  6,  00000108, 9, 0, 4, 0
20100128092021R:A 504,0  6,  00000154, 0, 0
20100128092021R:A 503,0  6,  00000054, 0, 0
20100128092127R:A 510,0  6,  00001251,10, 0, 4, 0
20100128092135R:A 510,0  6,  00000137,10, 0, 4, 0
20100128092203R:A 510,0  6,  00000165,10, 0, 4, 0
20100128092248R:A 510,0  6,  00000065,10, 0, 4, 0
20100128092316R:A 510,0  6,  00001197,10, 0, 4, 0
20100128092318S:A0500,0006,  00001252,1,00,00
20100128092329R:A 501,0  6,  00001252,0, 0
20100128092329R:A 510,0  6,  00001252, 1, 0, 4, 0
20100128092336R:A 510,0  6,  00001147,10, 0, 4, 0
20100128092338R:A 510,0  6,  00001252, 9, 0, 4, 0
20100128092353R:A 510,0  6,  00001047,10, 0, 5, 0
20100128092414S:A0503,0006,  00000054,01,00
20100128092417R:A 504,0  6,  00000054, 0, 0
20100128092417R:A 503,0  6,  00000186, 0, 0
20100128092450R:A 510,0  6,  00001022,10, 0, 4, 0
20100128092700S:A0500,0006,  00000089,1,00,00
20100128092711R:A 501,0  6,  00000089,0, 0
20100128092711R:A 510,0  6,  00000089, 1, 0, 4, 0
20100128092720R:A 510,0  6,  00000089, 9, 0, 4, 0
20100128092724R:A 510,0  6,  00001029,10, 0, 5, 0
20100128092823S:A0503,0006,  00000186,01,00
20100128092827R:A 504,0  6,  00000186, 0, 0
20100128092827R:A 503,0  6,  00000156, 0, 0
20100128092827S:A0503,0006,  00000156,01,00
20100128092830R:A 504,0  6,  00000156, 0, 0
20100128092830R:A 503,0  6,  00000108, 0, 0
20100128092908R:A 510,0  6,  00001121,10, 0, 3, 0
20100128092948S:A0503,0006,  00000108,01,00
20100128092951R:A 504,0  6,  00000108, 0, 0
20100128092952R:A 503,0  6,  00001252, 0, 0
20100128093055S:A0500,0006,  00001139,1,00,00
20100128093106R:A 501,0  6,  00001139,0, 0
20100128093106R:A 510,0  6,  00001139, 1, 0, 2, 0
20100128093115R:A 510,0  6,  00001139, 9, 0, 2, 0
20100128093308S:A0503,0006,  00001252,01,00
20100128093311R:A 504,0  6,  00001252, 0, 0
20100128093311R:A 503,0  6,  00000089, 0, 0
20100128093356S:A0500,0006,  00001293,1,00,00
20100128093415R:A 501,0  6,  00001293,0, 0
20100128093415R:A 510,0  6,  00001293, 1, 0, 2, 0
20100128093424R:A 510,0  6,  00001293, 9, 0, 2, 0
20100128093525R:A 510,0  6,  00001148,10, 0, 3, 0
20100128093537R:A 510,0  6,  00000172,10, 0, 3, 0
20100128093626S:A0500,0006,  00001284,1,00,00
20100128093637R:A 501,0  6,  00001284,0, 0
20100128093637R:A 510,0  6,  00001284, 1, 0, 3, 0
20100128093646R:A 510,0  6,  00001284, 9, 0, 3, 0
20100128093651S:A0503,0006,  00000089,02,00
20100128093701R:A 504,0  6,  00000089, 0, 0
20100128093701R:A 503,0  6,  00001139, 0, 0
20100128093729R:A 510,0  6,  00001288,10, 0, 3, 0
20100128093737R:A 510,0  6,  00000073,10, 0, 3, 0
20100128093745R:A 510,0  6,  00000020,10, 0, 3, 0
20100128093916R:A 510,0  6,  00000195,10, 0, 3, 0
20100128093954S:A0500,0006,  00001222,1,00,00
20100128094006R:A 501,0  6,  00001222,0, 0
20100128094006R:A 510,0  6,  00001222, 1, 0, 3, 0
20100128094015R:A 510,0  6,  00001222, 9, 0, 3, 0
20100128094045S:A0503,0006,  00001139,01,00
20100128094048R:A 504,0  6,  00001139, 0, 0
20100128094048R:A 503,0  6,  00001293, 0, 0
20100128094238S:A0500,0006,  00000121,1,00,00
20100128094241R:A 510,0  6,  00001193,10, 0, 3, 0
20100128094253R:A 501,0  6,  00000121,0, 0
20100128094253R:A 510,0  6,  00000121, 1, 0, 3, 0
20100128094302R:A 510,0  6,  00000121, 9, 0, 3, 0
20100128094347S:A0503,0006,  00001293,01,00
20100128094350R:A 504,0  6,  00001293, 0, 0
20100128094350R:A 503,0  6,  00001284, 0, 0
20100128094617S:A0503,0006,  00001284,02,00
20100128094627R:A 504,0  6,  00001284, 0, 0
20100128094627R:A 503,0  6,  00001222, 0, 0
20100128094754S:A0500,0006,  00000138,1,00,00
20100128094806R:A 501,0  6,  00000138,0, 0
20100128094806R:A 510,0  6,  00000138, 1, 0, 2, 0
20100128094815R:A 510,0  6,  00000138, 9, 0, 2, 0
20100128094850R:A 510,0  6,  00001289,10, 0, 3, 0
20100128094925R:A 510,0  6,  00001046,10, 0, 3, 0
20100128094947S:A0503,0006,  00001222,01,00
20100128094951R:A 504,0  6,  00001222, 0, 0
20100128094951R:A 503,0  6,  00000121, 0, 0
20100128095106R:A 510,0  6,  00001005,10, 0, 2, 0
20100128095123S:A0500,0006,  00001030,1,00,00
20100128095125R:A 510,0  6,  00000087,10, 0, 2, 0
20100128095137R:A 501,0  6,  00001030,0, 0
20100128095137R:A 510,0  6,  00001030, 1, 0, 2, 0
20100128095146R:A 510,0  6,  00001030, 9, 0, 2, 0
20100128095159S:A0500,0006,  00001048,1,00,00
20100128095210R:A 501,0  6,  00001048,0, 0
20100128095210R:A 510,0  6,  00001048, 1, 0, 3, 0
20100128095219R:A 510,0  6,  00001048, 9, 0, 3, 0
20100128095227R:A 510,0  6,  00000089,10, 0, 4, 0
20100128095227S:A0503,0006,  00000121,01,00
20100128095236R:A 504,0  6,  00000121, 0, 0
20100128095237R:A 503,0  6,  00000138, 0, 0
20100128095338R:A 510,0  6,  00000034,10, 0, 3, 0
20100128095456S:A0500,0006,  00001133,1,00,00
20100128095459R:A 510,0  6,  00000128,10, 0, 3, 0
20100128095510R:A 501,0  6,  00001133,0, 0
20100128095510R:A 510,0  6,  00001133, 1, 0, 3, 0
20100128095520R:A 510,0  6,  00001133, 9, 0, 3, 0
20100128095531R:A 510,0  6,  00001103,10, 0, 4, 0
20100128095641R:A 510,0  6,  00001275,10, 0, 4, 0
20100128095719R:A 510,0  6,  00001262,10, 0, 4, 0
20100128095745S:A0503,0006,  00000138,01,00
20100128095748S:A0500,0006,  00001282,1,00,00
20100128095748R:A 504,0  6,  00000138, 0, 0
20100128095749R:A 503,0  6,  00001030, 0, 0
20100128095759R:A 501,0  6,  00001282,0, 0
20100128095759R:A 510,0  6,  00001282, 1, 0, 3, 0
20100128095808R:A 510,0  6,  00001282, 9, 0, 3, 0
20100128095811R:A 510,0  6,  00001284,10, 0, 4, 0
20100128095846R:A 510,0  6,  00001020,10, 0, 4, 0
20100128095924R:A 510,0  6,  00000029,10, 0, 4, 0
20100128100018R:A 510,0  6,  00000116,10, 0, 4, 0
20100128100113S:A0503,0006,  00001030,01,00
20100128100116R:A 504,0  6,  00001030, 0, 0
20100128100116R:A 503,0  6,  00001048, 0, 0
20100128100148S:A0503,0006,  00001048,01,00
20100128100149R:A 510,0  6,  00001298,10, 0, 3, 0
20100128100158R:A 504,0  6,  00001048, 0, 0
20100128100159R:A 503,0  6,  00001133, 0, 0
20100128100205R:A 510,0  6,  00000107,10, 0, 2, 0
20100128100259R:A 510,0  6,  00001153,10, 0, 2, 0
20100128100327S:A0500,0006,  00000026,1,00,00
20100128100338R:A 501,0  6,  00000026,0, 0
20100128100338R:A 510,0  6,  00000026, 1, 0, 2, 0
20100128100347R:A 510,0  6,  00000026, 9, 0, 2, 0
20100128100430R:A 510,0  6,  00001200,10, 0, 3, 0
20100128100438R:A 510,0  6,  00000162,10, 0, 3, 0
20100128100445S:A0503,0006,  00001133,01,00
20100128100457R:A 504,0  6,  00001133, 0, 0
20100128100457R:A 503,0  6,  00001282, 0, 0
20100128100721R:A 510,0  6,  00000130,10, 0, 2, 0
20100128100736S:A0503,0006,  00001282,01,00
20100128100740R:A 504,0  6,  00001282, 0, 0
20100128100740R:A 503,0  6,  00000026, 0, 0
20100128100825R:A 510,0  6,  00001283,10, 0, 1, 0
20100128100843R:A 510,0  6,  00000158,10, 0, 1, 0
20100128101321S:A0503,0006,  00000026,01,00
20100128101324R:A 504,0  6,  00000026, 0, 0
20100128101325R:I 503,0  6,0100, 0, 0, 0, 0
20100128101429R:I 503,0  6,0101, 0, 0, 0, 0
20100128101431R:A 510,0  6,  00000086,10, 0, 0, 0
20100128101437R:I 503,0  6,0100, 0, 0, 0, 0
20100128101619S:A0500,0006,  00000115,1,00,00
20100128101619R:I 503,0  6,0101, 0, 0, 0, 0
20100128101630R:A 501,0  6,  00000115,0, 0
20100128101630R:A 510,0  6,  00000115, 1, 0, 0, 0
20100128101637R:A 510,0  6,  00001274,10, 0, 0, 0
20100128101639R:A 510,0  6,  00000115, 9, 0, 0, 0
20100128101643R:A 503,0  6,  00000115, 0, 0
20100128101912R:A 510,0  6,  00001196,10, 0, 1, 0
20100128101920R:A 510,0  6,  00001017,10, 0, 1, 0
20100128102102R:A 510,0  6,  00001019,10, 0, 1, 0
20100128102615S:A0503,0006,  00000115,02,00
20100128102625R:A 504,0  6,  00000115, 0, 0
20100128102625R:I 503,0  6,0100, 0, 0, 0, 0
20100128102706R:I 503,0  6,0101, 0, 0, 0, 0
20100128102708R:A 510,0  6,  00000115,10, 0, 0, 0
20100128102714R:I 503,0  6,0100, 0, 0, 0, 0
20100128103038R:I 503,0  6,0101, 0, 0, 0, 0
20100128103040R:A 510,0  6,  00001292,10, 0, 0, 0
20100128103046R:I 503,0  6,0100, 0, 0, 0, 0
20100128103205R:I 503,0  6,0101, 0, 0, 0, 0
20100128103206R:A 510,0  6,  00001218,10, 0, 0, 0
20100128103212R:I 503,0  6,0100, 0, 0, 0, 0
20100128103219R:I 503,0  6,0101, 0, 0, 0, 0
20100128103221R:A 510,0  6,  00000010,10, 0, 0, 0
20100128103227R:I 503,0  6,0100, 0, 0, 0, 0
20100128103242R:I 503,0  6,0101, 0, 0, 0, 0
20100128103244R:A 510,0  6,  00000095,10, 0, 0, 0
20100128103250R:I 503,0  6,0100, 0, 0, 0, 0
20100128103322S:A0500,0006,  00000103,1,00,00
20100128103323R:I 503,0  6,0101, 0, 0, 0, 0
20100128103326R:A 510,0  6,  00001021,10, 0, 0, 0
20100128103337R:A 501,0  6,  00000103,0, 0
20100128103338R:A 510,0  6,  00000103, 1, 0, 0, 0
20100128103346R:A 510,0  6,  00000103, 9, 0, 0, 0
20100128103351R:A 503,0  6,  00000103, 0, 0
20100128103456R:A 510,0  6,  00000159,10, 0, 1, 0
20100128103526R:A 510,0  6,  00000104,10, 0, 1, 0
20100128103558R:A 510,0  6,  00001225,10, 0, 1, 0
20100128103644R:A 510,0  6,  00001158,10, 0, 1, 0
20100128103712R:A 510,0  6,  00000096,10, 0, 1, 0
20100128103802R:A 510,0  6,  00000197,10, 0, 1, 0
20100128104057R:A 510,0  6,  00001043,10, 0, 1, 0
20100128104233R:A 510,0  6,  00000011,10, 0, 1, 0
20100128104320S:A0503,0006,  00000103,01,00
20100128104323R:A 504,0  6,  00000103, 0, 0
20100128104323R:I 503,0  6,0100, 0, 0, 0, 0
20100128104337R:I 503,0  6,0101, 0, 0, 0, 0
20100128104339R:A 510,0  6,  00001276,10, 0, 0, 0
20100128104345R:I 503,0  6,0100, 0, 0, 0, 0
20100128104614S:A0500,0006,  00001115,1,00,00
20100128104615R:I 503,0  6,0101, 0, 0, 0, 0
20100128104634R:A 501,0  6,  00001115,0, 0
20100128104634R:A 510,0  6,  00001115, 1, 0, 0, 0
20100128104641R:A 510,0  6,  00001263,10, 0, 0, 0
20100128104643R:A 510,0  6,  00001115, 9, 0, 0, 0
20100128104647R:A 503,0  6,  00001115, 0, 0
20100128104722R:A 510,0  6,  00000111,10, 0, 1, 0
20100128104806R:A 510,0  6,  00000053,10, 0, 1, 0
20100128104822R:A 510,0  6,  00001192,10, 0, 1, 0
20100128104916S:A0500,0006,  00001049,1,00,00
20100128104927R:A 501,0  6,  00001049,0, 0
20100128104927R:A 510,0  6,  00001049, 1, 0, 1, 0
20100128104936R:A 510,0  6,  00001049, 9, 0, 1, 0
20100128105033R:A 510,0  6,  00000179,10, 0, 2, 0
20100128105121R:A 510,0  6,  00001045,10, 0, 2, 0
20100128105343S:A0500,0006,  00001006,1,00,00
20100128105354R:A 501,0  6,  00001006,0, 0
20100128105354R:A 510,0  6,  00001006, 1, 0, 2, 0
20100128105403R:A 510,0  6,  00001006, 9, 0, 2, 0
20100128105432R:A 510,0  6,  00000166,10, 0, 3, 0
20100128105528R:A 510,0  6,  00001171,10, 0, 3, 0
20100128105606S:A0503,0006,  00001115,01,00
20100128105609R:A 504,0  6,  00001115, 0, 0
20100128105609R:A 503,0  6,  00001049, 0, 0
20100128105626S:A0500,0006,  00000023,1,00,00
20100128105637R:A 501,0  6,  00000023,0, 0
20100128105637R:A 510,0  6,  00000023, 1, 0, 2, 0
20100128105646R:A 510,0  6,  00000023, 9, 0, 2, 0
20100128105904S:A0503,0006,  00001049,01,00
20100128105905S:A0500,0006,  00001269,1,00,00
20100128105908R:A 504,0  6,  00001049, 0, 0
20100128105908R:A 503,0  6,  00001006, 0, 0
20100128105916R:A 501,0  6,  00001269,0, 0
20100128105916R:A 510,0  6,  00001269, 1, 0, 2, 0
20100128105924R:A 510,0  6,  00000091,10, 0, 2, 0
20100128105925R:A 510,0  6,  00001269, 9, 0, 2, 0
20100128110257R:A 510,0  6,  00000173,10, 0, 3, 0
20100128110337S:A0503,0006,  00001006,01,00
20100128110340R:A 504,0  6,  00001006, 0, 0
20100128110340R:A 503,0  6,  00000023, 0, 0
20100128110533R:A 510,0  6,  00001195,10, 0, 2, 0
20100128110548R:A 510,0  6,  00000148,10, 0, 2, 0
20100128110616S:A0503,0006,  00000023,01,00
20100128110619R:A 504,0  6,  00000023, 0, 0
20100128110619R:A 503,0  6,  00001269, 0, 0
20100128110621R:A 510,0  6,  00001018,10, 0, 1, 0
20100128110651S:A0500,0006,  00000036,1,00,00
20100128110702R:A 501,0  6,  00000036,0, 0
20100128110702R:A 510,0  6,  00000036, 1, 0, 1, 0
20100128110711R:A 510,0  6,  00000036, 9, 0, 1, 0
20100128110821R:A 510,0  6,  00001162,10, 0, 2, 0
20100128110903S:A0503,0006,  00001269,01,00
20100128110906R:A 504,0  6,  00001269, 0, 0
20100128110906R:A 503,0  6,  00000036, 0, 0
20100128110939R:A 510,0  6,  00000066,10, 0, 1, 0
20100128111028S:A0500,0006,  00001220,1,00,00
20100128111039R:A 501,0  6,  00001220,0, 0
20100128111039R:A 510,0  6,  00001220, 1, 0, 1, 0
20100128111048R:A 510,0  6,  00001220, 9, 0, 1, 0
20100128111336R:A 510,0  6,  00001188,10, 0, 2, 0
20100128111640R:A 510,0  6,  00000041,10, 0, 2, 0
20100128111647S:A0503,0006,  00000036,01,00
20100128111651R:A 504,0  6,  00000036, 0, 0
20100128111651R:A 503,0  6,  00001220, 0, 0
20100128111715R:A 510,0  6,  00000063,10, 0, 1, 0
20100128111802R:A 510,0  6,  00001257,10, 0, 1, 0
20100128111827R:A 510,0  6,  00001035,10, 0, 1, 0
20100128111934R:A 510,0  6,  00001253,10, 0, 1, 0
20100128112023S:A0503,0006,  00001220,01,00
20100128112026R:A 504,0  6,  00001220, 0, 0
20100128112026R:I 503,0  6,0100, 0, 0, 0, 0
20100128112454R:I 503,0  6,0101, 0, 0, 0, 0
20100128112455R:A 510,0  6,  00000193,10, 0, 0, 0
20100128112502R:I 503,0  6,0100, 0, 0, 0, 0
20100128112532R:I 503,0  6,0101, 0, 0, 0, 0
20100128112533R:A 510,0  6,  00000077,10, 0, 0, 0
20100128112539R:I 503,0  6,0100, 0, 0, 0, 0
20100128112748R:I 503,0  6,0101, 0, 0, 0, 0
20100128112750R:A 510,0  6,  00000198,10, 0, 0, 0
20100128112756R:I 503,0  6,0100, 0, 0, 0, 0
20100128112805R:I 503,0  6,0101, 0, 0, 0, 0
20100128112807R:A 510,0  6,  00000196,10, 0, 0, 0
20100128112813R:I 503,0  6,0100, 0, 0, 0, 0
20100128112854R:I 503,0  6,0101, 0, 0, 0, 0
20100128112856R:A 510,0  6,  00001206,10, 0, 0, 0
20100128112902R:I 503,0  6,0100, 0, 0, 0, 0
20100128113118R:I 503,0  6,0101, 0, 0, 0, 0
20100128113120R:A 510,0  6,  00001182,10, 0, 0, 0
20100128113126R:I 503,0  6,0100, 0, 0, 0, 0
20100128113600R:I 503,0  6,0101, 0, 0, 0, 0
20100128113602R:A 510,0  6,  00001111,10, 0, 0, 0
20100128113608R:I 503,0  6,0100, 0, 0, 0, 0
20100128113806R:I 503,0  6,0101, 0, 0, 0, 0
20100128113808R:A 510,0  6,  00001221,10, 0, 0, 0
20100128113814R:I 503,0  6,0100, 0, 0, 0, 0
20100128114024R:I 503,0  6,0101, 0, 0, 0, 0
20100128114026R:A 510,0  6,  00001285,10, 0, 0, 0
20100128114032R:I 503,0  6,0100, 0, 0, 0, 0
20100128114215R:I 503,0  6,0101, 0, 0, 0, 0
20100128114217R:A 510,0  6,  00000183,10, 0, 0, 0
20100128114223R:I 503,0  6,0100, 0, 0, 0, 0
20100128114428R:I 503,0  6,0101, 0, 0, 0, 0
20100128114430R:A 510,0  6,  00001294,10, 0, 0, 0
20100128114436R:I 503,0  6,0100, 0, 0, 0, 0
20100128114444R:I 503,0  6,0101, 0, 0, 0, 0
20100128114446R:A 510,0  6,  00001161,10, 0, 0, 0
20100128114450S:A0500,0006,  00000042,1,00,00
20100128114501R:A 501,0  6,  00000042,0, 0
20100128114501R:A 510,0  6,  00000042, 1, 0, 0, 0
20100128114510R:A 510,0  6,  00000042, 9, 0, 0, 0
20100128114515R:A 503,0  6,  00000042, 0, 0
20100128114556R:A 510,0  6,  00001291,10, 0, 1, 0
20100128114903S:A0500,0006,  00000134,1,00,00
20100128114914R:A 501,0  6,  00000134,0, 0
20100128114914R:A 510,0  6,  00000134, 1, 0, 1, 0
20100128114923R:A 510,0  6,  00000134, 9, 0, 1, 0
20100128115446S:A0503,0006,  00000042,01,00
20100128115449R:A 504,0  6,  00000042, 0, 0
20100128115449R:A 503,0  6,  00000134, 0, 0
20100128115500S:A0500,0006,  00000078,1,00,00
20100128115511R:A 501,0  6,  00000078,0, 0
20100128115511R:A 510,0  6,  00000078, 1, 0, 1, 0
20100128115520R:A 510,0  6,  00000078, 9, 0, 1, 0
20100128115524R:A 510,0  6,  00001300,10, 0, 2, 0
20100128115722R:A 510,0  6,  00001256,10, 0, 2, 0
20100128115858S:A0503,0006,  00000134,01,00
20100128115902R:A 504,0  6,  00000134, 0, 0
20100128115902R:A 503,0  6,  00000078, 0, 0
20100128120325R:A 510,0  6,  00000001,10, 0, 1, 0
20100128120440R:A 510,0  6,  00001031,10, 0, 1, 0
20100128120457S:A0503,0006,  00000078,01,00
20100128120500R:A 504,0  6,  00000078, 0, 0
20100128120500R:I 503,0  6,0100, 0, 0, 0, 0
20100128120509S:A0500,0006,  00001255,1,00,00
20100128120510R:I 503,0  6,0101, 0, 0, 0, 0
20100128120520R:A 501,0  6,  00001255,0, 0
20100128120521R:A 510,0  6,  00001255, 1, 0, 0, 0
20100128120530R:A 510,0  6,  00001255, 9, 0, 0, 0
20100128120530R:A 510,0  6,  00001016,10, 0, 1, 0
20100128120534R:A 503,0  6,  00001255, 0, 0
20100128120543R:A 510,0  6,  00000142,10, 0, 1, 0
20100128120645R:A 510,0  6,  00001281,10, 0, 1, 0
20100128120714R:A 510,0  6,  00000052,10, 0, 1, 0
20100128121222R:A 510,0  6,  00000124,10, 0, 1, 0
20100128121250S:A0500,0006,  00000131,1,00,00
20100128121301R:A 501,0  6,  00000131,0, 0
20100128121302R:A 510,0  6,  00000131, 1, 0, 1, 0
20100128121309R:A 510,0  6,  00000049,10, 0, 1, 0
20100128121311R:A 510,0  6,  00000131, 9, 0, 1, 0
20100128121336R:A 510,0  6,  00000182,10, 0, 2, 0
20100128121340S:A0500,0006,  00001277,1,00,00
20100128121351R:A 501,0  6,  00001277,0, 0
20100128121351R:A 510,0  6,  00001277, 1, 0, 2, 0
20100128121400R:A 510,0  6,  00001277, 9, 0, 2, 0
20100128121507S:A0503,0006,  00001255,01,00
20100128121510R:A 504,0  6,  00001255, 0, 0
20100128121510R:A 503,0  6,  00000131, 0, 0
20100128121728R:A 510,0  6,  00001041,10, 0, 2, 0
20100128121829R:A 510,0  6,  00000125,10, 0, 2, 0
20100128122157R:A 510,0  6,  00000035,10, 0, 2, 0
20100128122247S:A0503,0006,  00000131,01,00
20100128122250R:A 504,0  6,  00000131, 0, 0
20100128122251R:A 503,0  6,  00001277, 0, 0
20100128122304R:A 510,0  6,  00001003,10, 0, 1, 0
20100128122316R:A 510,0  6,  00000135,10, 0, 1, 0
20100128122337S:A0503,0006,  00001277,01,00
20100128122340R:A 504,0  6,  00001277, 0, 0
20100128122340R:I 503,0  6,0100, 0, 0, 0, 0
20100128122653R:I 503,0  6,0101, 0, 0, 0, 0
20100128122655R:A 510,0  6,  00001223,10, 0, 0, 0
20100128122701R:I 503,0  6,0100, 0, 0, 0, 0
20100128122704S:A0500,0006,  00001102,1,00,00
20100128122704R:I 503,0  6,0101, 0, 0, 0, 0
20100128122715R:A 501,0  6,  00001102,0, 0
20100128122715R:A 510,0  6,  00001102, 1, 0, 0, 0
20100128122724R:A 510,0  6,  00001102, 9, 0, 0, 0
20100128122729R:A 503,0  6,  00001102, 0, 0
20100128122952S:A0500,0006,  00000132,1,00,00
20100128123003R:A 501,0  6,  00000132,0, 0
20100128123003R:A 510,0  6,  00000132, 1, 0, 1, 0
20100128123012R:A 510,0  6,  00000132, 9, 0, 1, 0
20100128123127S:A0500,0006,  00001272,1,00,00
20100128123138R:A 501,0  6,  00001272,0, 0
20100128123139R:A 510,0  6,  00001272, 1, 0, 2, 0
20100128123147R:A 510,0  6,  00001272, 9, 0, 2, 0
20100128123211R:A 510,0  6,  00001131,10, 0, 3, 0
20100128123336R:A 510,0  6,  00001258,10, 0, 3, 0
20100128123356S:A0500,0006,  00000092,1,00,00
20100128123407R:A 501,0  6,  00000092,0, 0
20100128123408R:A 510,0  6,  00000092, 1, 0, 3, 0
20100128123417R:A 510,0  6,  00000092, 9, 0, 3, 0
20100128123652S:A0503,0006,  00001102,01,00
20100128123656R:A 504,0  6,  00001102, 0, 0
20100128123656R:A 503,0  6,  00000132, 0, 0
20100128123839R:A 510,0  6,  00001119,10, 0, 3, 0
20100128123949S:A0503,0006,  00000132,01,00
20100128123952R:A 504,0  6,  00000132, 0, 0
20100128123952R:A 503,0  6,  00001272, 0, 0
20100128124122S:A0503,0006,  00001272,01,00
20100128124125R:A 504,0  6,  00001272, 0, 0
20100128124125R:A 503,0  6,  00000092, 0, 0
20100128124129R:A 510,0  6,  00001268,10, 0, 1, 0
20100128124221R:A 510,0  6,  00000155,10, 0, 1, 0
20100128124231R:A 510,0  6,  00001278,10, 0, 1, 0
20100128124352S:A0503,0006,  00000092,01,00
20100128124355R:A 504,0  6,  00000092, 0, 0
20100128124356R:I 503,0  6,0100, 0, 0, 0, 0
20100128124410R:I 503,0  6,0101, 0, 0, 0, 0
20100128124412R:A 510,0  6,  00000007,10, 0, 0, 0
20100128124418R:I 503,0  6,0100, 0, 0, 0, 0
20100128124634S:A0500,0006,  00001224,1,00,00
20100128124634R:I 503,0  6,0101, 0, 0, 0, 0
20100128124645R:A 501,0  6,  00001224,0, 0
20100128124645R:A 510,0  6,  00001224, 1, 0, 0, 0
20100128124654R:A 510,0  6,  00001224, 9, 0, 0, 0
20100128124659R:A 503,0  6,  00001224, 0, 0
20100128125115R:A 510,0  6,  00000114,10, 0, 1, 0
20100128125239R:A 510,0  6,  00000090,10, 0, 1, 0
20100128125253S:A0500,0006,  00001145,1,00,00
20100128125304R:A 501,0  6,  00001145,0, 0
20100128125304R:A 510,0  6,  00001145, 1, 0, 1, 0
20100128125313R:A 510,0  6,  00001145, 9, 0, 1, 0
20100128125438R:A 510,0  6,  00001032,10, 0, 2, 0
20100128125518S:A0500,0006,  00001271,1,00,00
20100128125529R:A 501,0  6,  00001271,0, 0
20100128125529R:A 510,0  6,  00001271, 1, 0, 2, 0
20100128125538R:A 510,0  6,  00001271, 9, 0, 2, 0
20100128125611R:A 510,0  6,  00000005,10, 0, 3, 0
20100128125631S:A0503,0006,  00001224,01,00
20100128125634R:A 504,0  6,  00001224, 0, 0
20100128125634R:A 503,0  6,  00001145, 0, 0
20100128125810S:A0500,0006,  00000067,1,00,00
20100128125821R:A 501,0  6,  00000067,0, 0
20100128125821R:A 510,0  6,  00000067, 1, 0, 2, 0
20100128125830R:A 510,0  6,  00000067, 9, 0, 2, 0
20100128130035S:A0500,0006,  00000169,1,00,00
20100128130046R:A 501,0  6,  00000169,0, 0
20100128130046R:A 510,0  6,  00000169, 1, 0, 3, 0
20100128130055R:A 510,0  6,  00000169, 9, 0, 3, 0
20100128130242S:A0503,0006,  00001145,01,00
20100128130245R:A 504,0  6,  00001145, 0, 0
20100128130245R:A 503,0  6,  00001271, 0, 0
20100128130429R:A 510,0  6,  00001149,10, 0, 3, 0
20100128130459R:A 510,0  6,  00001297,10, 0, 3, 0
20100128130508S:A0503,0006,  00001271,01,00
20100128130511R:A 504,0  6,  00001271, 0, 0
20100128130511R:A 503,0  6,  00000067, 0, 0
20100128130520S:A0500,0006,  00001007,1,00,00
20100128130532R:A 501,0  6,  00001007,0, 0
20100128130532R:A 510,0  6,  00001007, 1, 0, 2, 0
20100128130541R:A 510,0  6,  00001007, 9, 0, 2, 0
20100128130633S:A0500,0006,  00001159,1,00,00
20100128130644R:A 501,0  6,  00001159,0, 0
20100128130645R:A 510,0  6,  00001159, 1, 0, 3, 0
20100128130653R:A 510,0  6,  00001159, 9, 0, 3, 0
20100128130800S:A0503,0006,  00000067,01,00
20100128130803R:A 504,0  6,  00000067, 0, 0
20100128130803R:A 503,0  6,  00000169, 0, 0
20100128130845R:A 510,0  6,  00001106,10, 0, 3, 0
20100128131024S:A0500,0006,  00001122,1,00,00
20100128131034S:A0503,0006,  00000169,01,00
20100128131035R:A 501,0  6,  00001122,0, 0
20100128131035R:A 510,0  6,  00001122, 1, 0, 3, 0
20100128131044R:A 504,0  6,  00000169, 0, 0
20100128131044R:A 503,0  6,  00001007, 0, 0
20100128131044R:A 510,0  6,  00001122, 9, 0, 2, 0
20100128131336R:A 510,0  6,  00000098,10, 0, 3, 0
20100128131503R:A 510,0  6,  00001270,10, 0, 3, 0
20100128131508S:A0503,0006,  00001007,01,00
20100128131512R:A 504,0  6,  00001007, 0, 0
20100128131512R:A 503,0  6,  00001159, 0, 0
20100128131630S:A0503,0006,  00001159,01,00
20100128131633R:A 504,0  6,  00001159, 0, 0
20100128131633R:A 503,0  6,  00001122, 0, 0
20100128132012R:A 510,0  6,  00001170,10, 0, 1, 0
20100128132020S:A0503,0006,  00001122,01,00
20100128132023R:A 504,0  6,  00001122, 0, 0
20100128132023R:I 503,0  6,0100, 0, 0, 0, 0
20100128132103R:I 503,0  6,0101, 0, 0, 0, 0
20100128132105R:A 510,0  6,  00000024,10, 0, 0, 0
20100128132111R:I 503,0  6,0100, 0, 0, 0, 0
20100128132333S:A0500,0006,  00000075,1,00,00
20100128132333R:I 503,0  6,0101, 0, 0, 0, 0
20100128132344R:A 501,0  6,  00000075,0, 0
20100128132344R:A 510,0  6,  00000075, 1, 0, 0, 0
20100128132353R:A 510,0  6,  00000075, 9, 0, 0, 0
20100128132358R:A 503,0  6,  00000075, 0, 0
20100128132535S:A0500,0006,  00001217,1,00,00
20100128132546R:A 501,0  6,  00001217,0, 0
20100128132546R:A 510,0  6,  00001217, 1, 0, 1, 0
20100128132555R:A 510,0  6,  00001217, 9, 0, 1, 0
20100128132644S:A0500,0006,  00000071,1,00,00
20100128132655R:A 501,0  6,  00000071,0, 0
20100128132655R:A 510,0  6,  00000071, 1, 0, 2, 0
20100128132704R:A 510,0  6,  00000071, 9, 0, 2, 0
20100128132815R:A 510,0  6,  00000093,10, 0, 3, 0
20100128133006R:A 510,0  6,  00000167,10, 0, 3, 0
20100128133048S:A0500,0006,  00000161,1,00,00
20100128133059R:A 501,0  6,  00000161,0, 0
20100128133059R:A 510,0  6,  00000161, 1, 0, 3, 0
20100128133108R:A 510,0  6,  00000161, 9, 0, 3, 0
20100128133322S:A0503,0006,  00000075,01,00
20100128133325R:A 504,0  6,  00000075, 0, 0
20100128133325R:A 503,0  6,  00001217, 0, 0
20100128133506R:A 510,0  6,  00000106,10, 0, 3, 0
20100128133524S:A0503,0006,  00001217,01,00
20100128133527R:A 504,0  6,  00001217, 0, 0
20100128133527R:A 503,0  6,  00000071, 0, 0
20100128133642S:A0503,0006,  00000071,01,00
20100128133645R:A 504,0  6,  00000071, 0, 0
20100128133645R:A 503,0  6,  00000161, 0, 0
20100128133910R:A 510,0  6,  00000056,10, 0, 1, 0
20100128134003S:A0500,0006,  00000017,1,00,00
20100128134014R:A 501,0  6,  00000017,0, 0
20100128134014R:A 510,0  6,  00000017, 1, 0, 1, 0
20100128134023R:A 510,0  6,  00000017, 9, 0, 1, 0
20100128134044S:A0503,0006,  00000161,01,00
20100128134047R:A 504,0  6,  00000161, 0, 0
20100128134048R:A 503,0  6,  00000017, 0, 0
20100128134743S:A0500,0006,  00000118,1,00,00
20100128134754R:A 501,0  6,  00000118,0, 0
20100128134755R:A 510,0  6,  00000118, 1, 0, 1, 0
20100128134804R:A 510,0  6,  00000118, 9, 0, 1, 0
20100128134858R:A 510,0  6,  00000014,10, 0, 2, 0
20100128134906R:A 510,0  6,  00001036,10, 0, 2, 0
20100128134957S:A0503,0006,  00000017,01,00
20100128135001R:A 504,0  6,  00000017, 0, 0
20100128135001R:A 503,0  6,  00000118, 0, 0
20100128135048R:A 510,0  6,  00001152,10, 0, 1, 0
20100128135416S:A0500,0006,  00000059,1,00,00
20100128135427R:A 501,0  6,  00000059,0, 0
20100128135427R:A 510,0  6,  00000059, 1, 0, 1, 0
20100128135436R:A 510,0  6,  00000059, 9, 0, 1, 0
20100128135741S:A0503,0006,  00000118,01,00
20100128135744R:A 504,0  6,  00000118, 0, 0
20100128135744R:A 503,0  6,  00000059, 0, 0
20100128135757S:A0500,0006,  00000177,1,00,00
20100128135808R:A 501,0  6,  00000177,0, 0
20100128135808R:A 510,0  6,  00000177, 1, 0, 1, 0
20100128135817R:A 510,0  6,  00000177, 9, 0, 1, 0
20100128135837R:A 510,0  6,  00000119,10, 0, 2, 0
20100128135915S:A0500,0006,  00001254,1,00,00
20100128135926R:A 501,0  6,  00001254,0, 0
20100128135926R:A 510,0  6,  00001254, 1, 0, 2, 0
20100128135935R:A 510,0  6,  00001254, 9, 0, 2, 0
20100128140414S:A0503,0006,  00000059,01,00
20100128140417R:A 504,0  6,  00000059, 0, 0
20100128140417R:A 503,0  6,  00000177, 0, 0
20100128140452R:A 510,0  6,  00001280,10, 0, 2, 0
20100128140745S:A0503,0006,  00000177,01,00
20100128140748R:A 504,0  6,  00000177, 0, 0
20100128140748R:A 503,0  6,  00001254, 0, 0
20100128140911S:A0503,0006,  00001254,01,00
20100128140914R:A 504,0  6,  00001254, 0, 0
20100128140914R:I 503,0  6,0100, 0, 0, 0, 0
20100128141224S:A0500,0006,  00000081,1,00,00
20100128141224R:I 503,0  6,0101, 0, 0, 0, 0
20100128141235R:A 501,0  6,  00000081,0, 0
20100128141235R:A 510,0  6,  00000081, 1, 0, 0, 0
20100128141244R:A 510,0  6,  00000081, 9, 0, 0, 0
20100128141249R:A 503,0  6,  00000081, 0, 0
20100128141504R:A 510,0  6,  00001027,10, 0, 1, 0
20100128142220S:A0503,0006,  00000081,01,00
20100128142223R:A 504,0  6,  00000081, 0, 0
20100128142224R:I 503,0  6,0100, 0, 0, 0, 0
20100128142403R:I 503,0  6,0101, 0, 0, 0, 0
20100128142404R:A 510,0  6,  00000147,10, 0, 0, 0
20100128142410R:I 503,0  6,0100, 0, 0, 0, 0
20100128142645R:I 503,0  6,0101, 0, 0, 0, 0
20100128142646R:A 510,0  6,  00001267,10, 0, 0, 0
20100128142652R:I 503,0  6,0100, 0, 0, 0, 0
20100128142704R:I 503,0  6,0101, 0, 0, 0, 0
20100128142705R:A 510,0  6,  00000123,10, 0, 0, 0
20100128142711R:I 503,0  6,0100, 0, 0, 0, 0
20100128143306S:A0500,0006,  00000163,1,00,00
20100128143306R:I 503,0  6,0101, 0, 0, 0, 0
20100128143317R:A 501,0  6,  00000163,0, 0
20100128143317R:A 510,0  6,  00000163, 1, 0, 0, 0
20100128143326R:A 510,0  6,  00000163, 9, 0, 0, 0
20100128143331R:A 503,0  6,  00000163, 0, 0
20100128144226S:A0500,0006,  00001299,1,00,00
20100128144237R:A 501,0  6,  00001299,0, 0
20100128144237R:A 510,0  6,  00001299, 1, 0, 1, 0
20100128144246R:A 510,0  6,  00001299, 9, 0, 1, 0
20100128144253S:A0500,0006,  00000122,1,00,00
20100128144304S:A0503,0006,  00000163,01,00
20100128144304R:A 501,0  6,  00000122,0, 0
20100128144304R:A 510,0  6,  00000122, 1, 0, 2, 0
20100128144313R:A 504,0  6,  00000163, 0, 0
20100128144313R:A 503,0  6,  00001299, 0, 0
20100128144313R:A 510,0  6,  00000122, 9, 0, 1, 0
20100128144559S:A0500,0006,  00000141,1,00,00
20100128144610R:A 501,0  6,  00000141,0, 0
20100128144610R:A 510,0  6,  00000141, 1, 0, 2, 0
20100128144619R:A 510,0  6,  00000141, 9, 0, 2, 0
20100128145215S:A0503,0006,  00001299,01,00
20100128145218R:A 504,0  6,  00001299, 0, 0
20100128145218R:A 503,0  6,  00000122, 0, 0
20100128145251S:A0503,0006,  00000122,01,00
20100128145254R:A 504,0  6,  00000122, 0, 0
20100128145254R:A 503,0  6,  00000141, 0, 0
20100128145529S:A0500,0006,  00000097,1,00,00
20100128145540R:A 501,0  6,  00000097,0, 0
20100128145540R:A 510,0  6,  00000097, 1, 0, 1, 0
20100128145549R:A 510,0  6,  00000097, 9, 0, 1, 0
20100128145556S:A0503,0006,  00000141,01,00
20100128145600R:A 504,0  6,  00000141, 0, 0
20100128145600R:A 503,0  6,  00000097, 0, 0
20100128145723R:A 510,0  6,  00000127,10, 0, 1, 0
20100128150524S:A0503,0006,  00000097,01,00
20100128150528R:A 504,0  6,  00000097, 0, 0
20100128150528R:I 503,0  6,0100, 0, 0, 0, 0
20100128150958R:I 503,0  6,0101, 0, 0, 0, 0
20100128150959R:A 510,0  6,  00001286,10, 0, 0, 0
20100128151005R:I 503,0  6,0100, 0, 0, 0, 0
20100128151334R:I 503,0  6,0101, 0, 0, 0, 0
20100128151336R:A 510,0  6,  00000079,10, 0, 0, 0
20100128151342R:I 503,0  6,0100, 0, 0, 0, 0
20100128151356R:I 503,0  6,0101, 0, 0, 0, 0
20100128151358R:A 510,0  6,  00000168,10, 0, 0, 0
20100128151404R:I 503,0  6,0100, 0, 0, 0, 0
20100128151716S:A0500,0006,  00001136,1,00,00
20100128151717R:I 503,0  6,0101, 0, 0, 0, 0
20100128151728R:A 501,0  6,  00001136,0, 0
20100128151728R:A 510,0  6,  00001136, 1, 0, 0, 0
20100128151737R:A 510,0  6,  00001136, 9, 0, 0, 0
20100128151741R:A 503,0  6,  00001136, 0, 0
20100128152141R:A 510,0  6,  00001042,10, 0, 1, 0
20100128152710S:A0503,0006,  00001136,01,00
20100128152713R:A 504,0  6,  00001136, 0, 0
20100128152713R:I 503,0  6,0100, 0, 0, 0, 0
20100128152725R:I 503,0  6,0101, 0, 0, 0, 0
20100128152727R:A 510,0  6,  00000192,10, 0, 0, 0
20100128152733R:I 503,0  6,0100, 0, 0, 0, 0
20100128153539R:I 503,0  6,0101, 0, 0, 0, 0
20100128153541R:A 510,0  6,  00001295,10, 0, 0, 0
20100128153547R:I 503,0  6,0100, 0, 0, 0, 0
20100128153735R:I 503,0  6,0101, 0, 0, 0, 0
20100128153737R:A 510,0  6,  00001260,10, 0, 0, 0
20100128153743R:I 503,0  6,0100, 0, 0, 0, 0
20100128153743R:I 503,0  6,0101, 0, 0, 0, 0
20100128153745R:A 510,0  6,  00001030,10, 0, 0, 0
20100128153751R:I 503,0  6,0100, 0, 0, 0, 0
20100128154352R:I 503,0  6,0101, 0, 0, 0, 0
20100128154354R:A 510,0  6,  00001266,10, 0, 0, 0
20100128154400R:I 503,0  6,0100, 0, 0, 0, 0
20100128154656R:I 503,0  6,0101, 0, 0, 0, 0
20100128154657R:A 510,0  6,  00000100,10, 0, 0, 0
20100128154703R:I 503,0  6,0100, 0, 0, 0, 0
20100128155404R:I 503,0  6,0101, 0, 0, 0, 0
20100128155406R:A 510,0  6,  00001177,10, 0, 0, 0
20100128155412R:I 503,0  6,0100, 0, 0, 0, 0
20100128155828R:I 503,0  6,0101, 0, 0, 0, 0
20100128155830R:A 510,0  6,  00001158,10, 0, 0, 0
20100128155836R:I 503,0  6,0100, 0, 0, 0, 0
20100128160510R:I 503,0  6,0101, 0, 0, 0, 0
20100128160512R:A 510,0  6,  00000128,10, 0, 0, 0
20100128160518R:I 503,0  6,0100, 0, 0, 0, 0
20100128160914R:I 503,0  6,0101, 0, 0, 0, 0
20100128160916R:A 510,0  6,  00001021,10, 0, 0, 0
20100128160922R:I 503,0  6,0100, 0, 0, 0, 0
