20100128074241R:A 301,0  3,  00000125,0, 0
20100128074241S:A0302,0003,  00000125,1,00,00
20100128074244R:A 303,0  3,  00000125, 1, 0
20100128074310R:A 301,0  3,  00001272,0, 0
20100128074310S:A0302,0003,  00001272,1,00,00
20100128074313R:A 303,0  3,  00001272, 1, 0
20100128074455R:A 301,0  3,  00001268,0, 0
20100128074455S:A0302,0003,  00001268,1,00,00
20100128074457R:A 303,0  3,  00001268, 1, 0
20100128074805R:A 301,0  3,  00000007,0, 0
20100128074805S:A0302,0003,  00000007,1,00,00
20100128074808R:A 303,0  3,  00000007, 1, 0
20100128074855R:A 301,0  3,  00000183,0, 0
20100128074855S:A0302,0003,  00000183,1,00,00
20100128074858R:A 303,0  3,  00000183, 1, 0
20100128074924R:A 301,0  3,  00000132,0, 0
20100128074924S:A0302,0003,  00000132,1,00,00
20100128074927R:A 303,0  3,  00000132, 1, 0
20100128075101R:A 301,0  3,  00000155,0, 0
20100128075101S:A0302,0003,  00000155,1,00,00
20100128075104R:A 303,0  3,  00000155, 1, 0
20100128080000R:T 301,0  3, 1, 0, 0
20100128080033R:T 301,0  3, 1, 0, 0
20100128080035R:T 301,0  3, 1, 1, 0
20100128080328R:A 301,0  3,  00001258,0, 0
20100128080328S:A0302,0003,  00001258,2,00,00
20100128080333R:A 303,0  3,  00001258, 2, 0
20100128080444R:A 301,0  3,  00001130,0, 0
20100128080444S:A0302,0003,  00001130,2,00,00
20100128080449R:A 303,0  3,  00001130, 2, 0
20100128080538R:A 301,0  3,  00001134,0, 0
20100128080538S:A0302,0003,  00001134,2,00,00
20100128080543R:A 303,0  3,  00001134, 2, 0
20100128080944R:A 301,0  3,  00001219,0, 0
20100128080944S:A0302,0003,  00001219,2,00,00
20100128080948R:A 303,0  3,  00001219, 2, 0
20100128081109R:A 301,0  3,  00000094,0, 0
20100128081109S:A0302,0003,  00000094,2,00,00
20100128081113R:A 303,0  3,  00000094, 2, 0
20100128081214R:A 301,0  3,  00001032,0, 0
20100128081214S:A0302,0003,  00001032,2,00,00
20100128081219R:A 303,0  3,  00001032, 2, 0
20100128081244R:T 301,0  3, 2, 0, 0
20100128081256R:T 301,0  3, 2, 0, 0
20100128081257R:T 301,0  3, 2, 1, 0
20100128081859R:A 301,0  3,  00001182,0, 0
20100128081859S:A0302,0003,  00001182,1,00,00
20100128081902R:A 303,0  3,  00001182, 1, 0
20100128082138R:A 301,0  3,  00001206,0, 0
20100128082138S:A0302,0003,  00001206,1,00,00
20100128082141R:A 303,0  3,  00001206, 1, 0
20100128082526R:A 301,0  3,  00001277,0, 0
20100128082526S:A0302,0003,  00001277,1,00,00
20100128082529R:A 303,0  3,  00001277, 1, 0
20100128082604R:A 301,0  3,  00000090,0, 0
20100128082604S:A0302,0003,  00000090,1,00,00
20100128082607R:A 303,0  3,  00000090, 1, 0
20100128082749R:A 301,0  3,  00001003,0, 0
20100128082749S:A0302,0003,  00001003,1,00,00
20100128082751R:A 303,0  3,  00001003, 1, 0
20100128082917R:A 301,0  3,  00001291,0, 0
20100128082917S:A0302,0003,  00001291,1,00,00
20100128082920R:A 303,0  3,  00001291, 1, 0
20100128083112R:A 301,0  3,  00001220,0, 0
20100128083112S:A0302,0003,  00001220,1,00,00
20100128083114R:A 303,0  3,  00001220, 1, 0
20100128083549R:T 301,0  3, 1, 0, 0
20100128083603R:T 301,0  3, 1, 0, 0
20100128083605R:T 301,0  3, 1, 1, 0
20100128083652R:A 301,0  3,  00001186,0, 0
20100128083652S:A0302,0003,  00001186,2,00,00
20100128083657R:A 303,0  3,  00001186, 2, 0
20100128083718R:A 301,0  3,  00000100,0, 0
20100128083718S:A0302,0003,  00000100,2,00,00
20100128083723R:A 303,0  3,  00000100, 2, 0
20100128083746R:A 301,0  3,  00001260,0, 0
20100128083746S:A0302,0003,  00001260,2,00,00
20100128083751R:A 303,0  3,  00001260, 2, 0
20100128084006R:A 301,0  3,  00001119,0, 0
20100128084006S:A0302,0003,  00001119,2,00,00
20100128084011R:A 303,0  3,  00001119, 2, 0
20100128084059R:A 301,0  3,  00001033,0, 0
20100128084059S:A0302,0003,  00001033,2,00,00
20100128084104R:A 303,0  3,  00001033, 2, 0
20100128084112R:A 301,0  3,  00000142,0, 0
20100128084112S:A0302,0003,  00000142,2,00,00
20100128084117R:A 303,0  3,  00000142, 2, 0
20100128084123R:A 301,0  3,  00001194,0, 0
20100128084123S:A0302,0003,  00001194,2,00,00
20100128084127R:A 303,0  3,  00001194, 2, 0
20100128084213R:A 301,0  3,  00001215,0, 0
20100128084213S:A0302,0003,  00001215,2,00,00
20100128084217R:A 303,0  3,  00001215, 2, 0
20100128084300R:A 301,0  3,  00000012,0, 0
20100128084300S:A0302,0003,  00000012,2,00,00
20100128084304R:A 303,0  3,  00000012, 2, 0
20100128084359R:A 301,0  3,  00001102,0, 0
20100128084359S:A0302,0003,  00001102,2,00,00
20100128084404R:A 303,0  3,  00001102, 2, 0
20100128084409R:A 301,0  3,  00000129,0, 0
20100128084409S:A0302,0003,  00000129,2,00,00
20100128084414R:A 303,0  3,  00000129, 2, 0
20100128084420R:A 301,0  3,  00001106,0, 0
20100128084420S:A0302,0003,  00001106,2,00,00
20100128084424R:A 303,0  3,  00001106, 2, 0
20100128084627R:T 301,0  3, 2, 0, 0
20100128084649R:T 301,0  3, 2, 0, 0
20100128084651R:T 301,0  3, 2, 1, 0
20100128084703R:A 301,0  3,  00000188,0, 0
20100128084703S:A0302,0003,  00000188,1,00,00
20100128084706R:A 303,0  3,  00000188, 1, 0
20100128084942R:A 301,0  3,  00001116,0, 0
20100128084942S:A0302,0003,  00001116,1,00,00
20100128084944R:A 303,0  3,  00001116, 1, 0
20100128085023R:A 301,0  3,  00001273,0, 0
20100128085023S:A0302,0003,  00001273,1,00,00
20100128085025R:A 303,0  3,  00001273, 1, 0
20100128085219R:A 301,0  3,  00000151,0, 0
20100128085219S:A0302,0003,  00000151,1,00,00
20100128085222R:A 303,0  3,  00000151, 1, 0
20100128085514R:A 301,0  3,  00000140,0, 0
20100128085514S:A0302,0003,  00000140,1,00,00
20100128085516R:A 303,0  3,  00000140, 1, 0
20100128085524R:A 301,0  3,  00000033,0, 0
20100128085524S:A0302,0003,  00000033,1,00,00
20100128085526R:A 303,0  3,  00000033, 1, 0
20100128085558R:T 301,0  3, 1, 0, 0
20100128085622R:T 301,0  3, 1, 1, 0
20100128085714R:A 301,0  3,  00001281,0, 0
20100128085714S:A0302,0003,  00001281,2,00,00
20100128085719R:A 303,0  3,  00001281, 2, 0
20100128085946R:A 301,0  3,  00000135,0, 0
20100128085946S:A0302,0003,  00000135,2,00,00
20100128085951R:A 303,0  3,  00000135, 2, 0
20100128090015R:A 301,0  3,  00001131,0, 0
20100128090015S:A0302,0003,  00001131,2,00,00
20100128090020R:A 303,0  3,  00001131, 2, 0
20100128090142R:A 301,0  3,  00000035,0, 0
20100128090142S:A0302,0003,  00000035,2,00,00
20100128090146R:A 303,0  3,  00000035, 2, 0
20100128090158R:A 301,0  3,  00000078,0, 0
20100128090158S:A0302,0003,  00000078,2,00,00
20100128090202R:A 303,0  3,  00000078, 2, 0
20100128090248R:A 301,0  3,  00000134,0, 0
20100128090248S:A0302,0003,  00000134,2,00,00
20100128090252R:A 303,0  3,  00000134, 2, 0
20100128090519R:A 301,0  3,  00000124,0, 0
20100128090519S:A0302,0003,  00000124,2,00,00
20100128090523R:A 303,0  3,  00000124, 2, 0
20100128090534R:A 301,0  3,  00001041,0, 0
20100128090534S:A0302,0003,  00001041,2,00,00
20100128090538R:A 303,0  3,  00001041, 2, 0
20100128090544R:A 301,0  3,  00001300,0, 0
20100128090544S:A0302,0003,  00001300,2,00,00
20100128090549R:A 303,0  3,  00001300, 2, 0
20100128090709R:A 301,0  3,  00000042,0, 0
20100128090709S:A0302,0003,  00000042,2,00,00
20100128090714R:A 303,0  3,  00000042, 2, 0
20100128090725R:T 301,0  3, 2, 0, 0
20100128090733R:A 301,0  3,  00001101,0, 0
20100128090733S:A0302,0003,  00001101,1,00,00
20100128090736R:A 303,0  3,  00001101, 1, 0
20100128090742R:T 301,0  3, 2, 0, 0
20100128090743R:T 301,0  3, 2, 1, 0
20100128090825R:A 301,0  3,  00000181,0, 0
20100128090825S:A0302,0003,  00000181,1,00,00
20100128090828R:A 303,0  3,  00000181, 1, 0
20100128090910R:A 301,0  3,  00001001,0, 0
20100128090910S:A0302,0003,  00001001,1,00,00
20100128090912R:A 303,0  3,  00001001, 1, 0
20100128090942R:A 301,0  3,  00001113,0, 0
20100128090942S:A0302,0003,  00001113,1,00,00
20100128090944R:A 303,0  3,  00001113, 1, 0
20100128090952R:A 301,0  3,  00001296,0, 0
20100128090952S:A0302,0003,  00001296,1,00,00
20100128090955R:A 303,0  3,  00001296, 1, 0
20100128091002R:A 301,0  3,  00001112,0, 0
20100128091002S:A0302,0003,  00001112,1,00,00
20100128091005R:A 303,0  3,  00001112, 1, 0
20100128091018R:A 301,0  3,  00000164,0, 0
20100128091018S:A0302,0003,  00000164,1,00,00
20100128091020R:A 303,0  3,  00000164, 1, 0
20100128091148R:A 301,0  3,  00001141,0, 0
20100128091148S:A0302,0003,  00001141,1,00,00
20100128091151R:A 303,0  3,  00001141, 1, 0
20100128091310R:A 301,0  3,  00000028,0, 0
20100128091310S:A0302,0003,  00000028,1,00,00
20100128091313R:A 303,0  3,  00000028, 1, 0
20100128091336R:A 301,0  3,  00000032,0, 0
20100128091336S:A0302,0003,  00000032,1,00,00
20100128091338R:A 303,0  3,  00000032, 1, 0
20100128091434R:A 301,0  3,  00000082,0, 0
20100128091434S:A0302,0003,  00000082,1,00,00
20100128091437R:A 303,0  3,  00000082, 1, 0
20100128091536R:T 301,0  3, 1, 0, 0
20100128091538R:A 301,0  3,  00001015,0, 0
20100128091538S:A0302,0003,  00001015,2,00,00
20100128091542R:A 303,0  3,  00001015, 2, 0
20100128091548R:A 301,0  3,  00001109,0, 0
20100128091548S:A0302,0003,  00001109,2,00,00
20100128091552R:A 303,0  3,  00001109, 2, 0
20100128091608R:T 301,0  3, 1, 0, 0
20100128091609R:T 301,0  3, 1, 1, 0
20100128091638R:A 301,0  3,  00000154,0, 0
20100128091638S:A0302,0003,  00000154,2,00,00
20100128091643R:A 303,0  3,  00000154, 2, 0
20100128091750R:A 301,0  3,  00001251,0, 0
20100128091750S:A0302,0003,  00001251,2,00,00
20100128091755R:A 303,0  3,  00001251, 2, 0
20100128091800R:A 301,0  3,  00000137,0, 0
20100128091800S:A0302,0003,  00000137,2,00,00
20100128091805R:A 303,0  3,  00000137, 2, 0
20100128091826R:A 301,0  3,  00000165,0, 0
20100128091826S:A0302,0003,  00000165,2,00,00
20100128091831R:A 303,0  3,  00000165, 2, 0
20100128091836R:A 301,0  3,  00001198,0, 0
20100128091836S:A0302,0003,  00001198,2,00,00
20100128091841R:A 303,0  3,  00001198, 2, 0
20100128091911R:A 301,0  3,  00000065,0, 0
20100128091911S:A0302,0003,  00000065,2,00,00
20100128091916R:A 303,0  3,  00000065, 2, 0
20100128091939R:A 301,0  3,  00001197,0, 0
20100128091939S:A0302,0003,  00001197,2,00,00
20100128091943R:A 303,0  3,  00001197, 2, 0
20100128091959R:A 301,0  3,  00001147,0, 0
20100128091959S:A0302,0003,  00001147,2,00,00
20100128092004R:A 303,0  3,  00001147, 2, 0
20100128092015R:A 301,0  3,  00001047,0, 0
20100128092016S:A0302,0003,  00001047,2,00,00
20100128092020R:A 303,0  3,  00001047, 2, 0
20100128092035R:A 301,0  3,  00000054,0, 0
20100128092035S:A0302,0003,  00000054,2,00,00
20100128092039R:A 303,0  3,  00000054, 2, 0
20100128092045R:A 301,0  3,  00001034,0, 0
20100128092045S:A0302,0003,  00001034,2,00,00
20100128092046R:T 301,0  3, 2, 0, 0
20100128092049R:A 303,0  3,  00001034, 2, 0
20100128092113R:A 301,0  3,  00001022,0, 0
20100128092113S:A0302,0003,  00001022,1,00,00
20100128092115R:A 303,0  3,  00001022, 1, 0
20100128092116R:T 301,0  3, 2, 1, 0
20100128092304R:A 301,0  3,  00000194,0, 0
20100128092304S:A0302,0003,  00000194,1,00,00
20100128092307R:A 303,0  3,  00000194, 1, 0
20100128092347R:A 301,0  3,  00001029,0, 0
20100128092347S:A0302,0003,  00001029,1,00,00
20100128092349R:A 303,0  3,  00001029, 1, 0
20100128092444R:A 301,0  3,  00000186,0, 0
20100128092444S:A0302,0003,  00000186,1,00,00
20100128092446R:A 303,0  3,  00000186, 1, 0
20100128092454R:A 301,0  3,  00000156,0, 0
20100128092454S:A0302,0003,  00000156,1,00,00
20100128092456R:A 303,0  3,  00000156, 1, 0
20100128092531R:A 301,0  3,  00001121,0, 0
20100128092531S:A0302,0003,  00001121,1,00,00
20100128092534R:A 303,0  3,  00001121, 1, 0
20100128092608R:A 301,0  3,  00000108,0, 0
20100128092608S:A0302,0003,  00000108,1,00,00
20100128092611R:A 303,0  3,  00000108, 1, 0
20100128092928R:A 301,0  3,  00001252,0, 0
20100128092928S:A0302,0003,  00001252,1,00,00
20100128092930R:A 303,0  3,  00001252, 1, 0
20100128093148R:A 301,0  3,  00001148,0, 0
20100128093148S:A0302,0003,  00001148,1,00,00
20100128093150R:A 303,0  3,  00001148, 1, 0
20100128093201R:A 301,0  3,  00000172,0, 0
20100128093201S:A0302,0003,  00000172,1,00,00
20100128093204R:A 303,0  3,  00000172, 1, 0
20100128093352R:A 301,0  3,  00001288,0, 0
20100128093352S:A0302,0003,  00001288,1,00,00
20100128093355R:A 303,0  3,  00001288, 1, 0
20100128093402R:A 301,0  3,  00000073,0, 0
20100128093402S:A0302,0003,  00000073,1,00,00
20100128093405R:A 303,0  3,  00000073, 1, 0
20100128093412R:A 301,0  3,  00000020,0, 0
20100128093412S:A0302,0003,  00000020,1,00,00
20100128093415R:A 303,0  3,  00000020, 1, 0
20100128093539R:A 301,0  3,  00000195,0, 0
20100128093539S:A0302,0003,  00000195,1,00,00
20100128093542R:A 303,0  3,  00000195, 1, 0
20100128093705R:A 301,0  3,  00001139,0, 0
20100128093705S:A0302,0003,  00001139,1,00,00
20100128093707R:A 303,0  3,  00001139, 1, 0
20100128093809R:T 301,0  3, 1, 0, 0
20100128093830R:T 301,0  3, 1, 0, 0
20100128093831R:T 301,0  3, 1, 1, 0
20100128093904R:A 301,0  3,  00001193,0, 0
20100128093904S:A0302,0003,  00001193,2,00,00
20100128093909R:A 303,0  3,  00001193, 2, 0
20100128094007R:A 301,0  3,  00001293,0, 0
20100128094007S:A0302,0003,  00001293,2,00,00
20100128094012R:A 303,0  3,  00001293, 2, 0
20100128094513R:A 301,0  3,  00001289,0, 0
20100128094513S:A0302,0003,  00001289,2,00,00
20100128094518R:A 303,0  3,  00001289, 2, 0
20100128094548R:A 301,0  3,  00001046,0, 0
20100128094548S:A0302,0003,  00001046,2,00,00
20100128094552R:A 303,0  3,  00001046, 2, 0
20100128094607R:A 301,0  3,  00001222,0, 0
20100128094607S:A0302,0003,  00001222,2,00,00
20100128094612R:A 303,0  3,  00001222, 2, 0
20100128094748R:A 301,0  3,  00000087,0, 0
20100128094748S:A0302,0003,  00000087,2,00,00
20100128094753R:A 303,0  3,  00000087, 2, 0
20100128094850R:A 301,0  3,  00000089,0, 0
20100128094850S:A0302,0003,  00000089,2,00,00
20100128094855R:A 303,0  3,  00000089, 2, 0
20100128094900R:A 301,0  3,  00001005,0, 0
20100128094900S:A0302,0003,  00001005,2,00,00
20100128094905R:A 303,0  3,  00001005, 2, 0
20100128094911R:A 301,0  3,  00000121,0, 0
20100128094911S:A0302,0003,  00000121,2,00,00
20100128094915R:A 303,0  3,  00000121, 2, 0
20100128095001R:A 301,0  3,  00000034,0, 0
20100128095001S:A0302,0003,  00000034,2,00,00
20100128095006R:A 303,0  3,  00000034, 2, 0
20100128095122R:A 301,0  3,  00000128,0, 0
20100128095122S:A0302,0003,  00000128,2,00,00
20100128095126R:A 303,0  3,  00000128, 2, 0
20100128095154R:A 301,0  3,  00001103,0, 0
20100128095154S:A0302,0003,  00001103,2,00,00
20100128095159R:A 303,0  3,  00001103, 2, 0
20100128095304R:A 301,0  3,  00001275,0, 0
20100128095304S:A0302,0003,  00001275,2,00,00
20100128095309R:A 303,0  3,  00001275, 2, 0
20100128095342R:A 301,0  3,  00001262,0, 0
20100128095342S:A0302,0003,  00001262,2,00,00
20100128095347R:A 303,0  3,  00001262, 2, 0
20100128095405R:A 301,0  3,  00000138,0, 0
20100128095405S:A0302,0003,  00000138,2,00,00
20100128095410R:A 303,0  3,  00000138, 2, 0
20100128095433R:A 301,0  3,  00001284,0, 0
20100128095433S:A0302,0003,  00001284,2,00,00
20100128095438R:A 303,0  3,  00001284, 2, 0
20100128095509R:A 301,0  3,  00001020,0, 0
20100128095509S:A0302,0003,  00001020,2,00,00
20100128095514R:A 303,0  3,  00001020, 2, 0
20100128095547R:A 301,0  3,  00000029,0, 0
20100128095547S:A0302,0003,  00000029,2,00,00
20100128095551R:A 303,0  3,  00000029, 2, 0
20100128095641R:A 301,0  3,  00000116,0, 0
20100128095641S:A0302,0003,  00000116,2,00,00
20100128095645R:A 303,0  3,  00000116, 2, 0
20100128095733R:A 301,0  3,  00001030,0, 0
20100128095733S:A0302,0003,  00001030,2,00,00
20100128095738R:A 303,0  3,  00001030, 2, 0
20100128095748R:T 301,0  3, 2, 0, 0
20100128095812R:A 301,0  3,  00001298,0, 0
20100128095812S:A0302,0003,  00001298,1,00,00
20100128095815R:A 303,0  3,  00001298, 1, 0
20100128095822R:A 301,0  3,  00001048,0, 0
20100128095822S:A0302,0003,  00001048,1,00,00
20100128095823R:T 301,0  3, 2, 0, 0
20100128095824R:T 301,0  3, 2, 1, 0
20100128095825R:A 303,0  3,  00001048, 1, 0
20100128095833R:A 301,0  3,  00000107,0, 0
20100128095833S:A0302,0003,  00000107,1,00,00
20100128095835R:A 303,0  3,  00000107, 1, 0
20100128100053R:A 301,0  3,  00001200,0, 0
20100128100053S:A0302,0003,  00001200,1,00,00
20100128100055R:A 303,0  3,  00001200, 1, 0
20100128100103R:A 301,0  3,  00001153,0, 0
20100128100103S:A0302,0003,  00001153,1,00,00
20100128100105R:A 303,0  3,  00001153, 1, 0
20100128100113R:A 301,0  3,  00000162,0, 0
20100128100113S:A0302,0003,  00000162,1,00,00
20100128100115R:A 303,0  3,  00000162, 1, 0
20100128100123R:A 301,0  3,  00001133,0, 0
20100128100123S:A0302,0003,  00001133,1,00,00
20100128100126R:A 303,0  3,  00001133, 1, 0
20100128100344R:A 301,0  3,  00000130,0, 0
20100128100344S:A0302,0003,  00000130,1,00,00
20100128100347R:A 303,0  3,  00000130, 1, 0
20100128100356R:A 301,0  3,  00001282,0, 0
20100128100356S:A0302,0003,  00001282,1,00,00
20100128100359R:A 303,0  3,  00001282, 1, 0
20100128100448R:A 301,0  3,  00001283,0, 0
20100128100448S:A0302,0003,  00001283,1,00,00
20100128100450R:A 303,0  3,  00001283, 1, 0
20100128100506R:A 301,0  3,  00000158,0, 0
20100128100506S:A0302,0003,  00000158,1,00,00
20100128100509R:A 303,0  3,  00000158, 1, 0
20100128100941R:A 301,0  3,  00000026,0, 0
20100128100941S:A0302,0003,  00000026,1,00,00
20100128100944R:A 303,0  3,  00000026, 1, 0
20100128101053R:A 301,0  3,  00000086,0, 0
20100128101053S:A0302,0003,  00000086,1,00,00
20100128101056R:A 303,0  3,  00000086, 1, 0
20100128101214R:T 301,0  3, 1, 0, 0
20100128101216R:T 301,0  3, 1, 0, 0
20100128101216R:T 301,0  3, 1, 0, 0
20100128101300R:A 301,0  3,  00001274,0, 0
20100128101300S:A0302,0003,  00001274,2,00,00
20100128101305R:A 303,0  3,  00001274, 2, 0
20100128101332R:T 301,0  3, 1, 0, 0
20100128101333R:T 301,0  3, 1, 1, 0
20100128101535R:A 301,0  3,  00001196,0, 0
20100128101535S:A0302,0003,  00001196,2,00,00
20100128101539R:A 303,0  3,  00001196, 2, 0
20100128101545R:A 301,0  3,  00001017,0, 0
20100128101545S:A0302,0003,  00001017,2,00,00
20100128101550R:A 303,0  3,  00001017, 2, 0
20100128101724R:A 301,0  3,  00001019,0, 0
20100128101724S:A0302,0003,  00001019,2,00,00
20100128101729R:A 303,0  3,  00001019, 2, 0
20100128102331R:A 301,0  3,  00000115,0, 0
20100128102331S:A0302,0003,  00000115,2,00,00
20100128102335R:A 303,0  3,  00000115, 2, 0
20100128102703R:A 301,0  3,  00001292,0, 0
20100128102703S:A0302,0003,  00001292,2,00,00
20100128102707R:A 303,0  3,  00001292, 2, 0
20100128102829R:A 301,0  3,  00001218,0, 0
20100128102829S:A0302,0003,  00001218,2,00,00
20100128102834R:A 303,0  3,  00001218, 2, 0
20100128102907R:A 301,0  3,  00000095,0, 0
20100128102907S:A0302,0003,  00000095,2,00,00
20100128102912R:A 303,0  3,  00000095, 2, 0
20100128102956R:T 301,0  3, 2, 0, 0
20100128103013R:T 301,0  3, 2, 0, 0
20100128103015R:T 301,0  3, 2, 1, 0
20100128103149R:A 301,0  3,  00000104,0, 0
20100128103149S:A0302,0003,  00000104,1,00,00
20100128103151R:A 303,0  3,  00000104, 1, 0
20100128103159R:A 301,0  3,  00000010,0, 0
20100128103159S:A0302,0003,  00000010,1,00,00
20100128103202R:A 303,0  3,  00000010, 1, 0
20100128103249R:A 301,0  3,  00001021,0, 0
20100128103249S:A0302,0003,  00001021,1,00,00
20100128103252R:A 303,0  3,  00001021, 1, 0
20100128103307R:A 301,0  3,  00001158,0, 0
20100128103307S:A0302,0003,  00001158,1,00,00
20100128103310R:A 303,0  3,  00001158, 1, 0
20100128103319R:A 301,0  3,  00000159,0, 0
20100128103319S:A0302,0003,  00000159,1,00,00
20100128103322R:A 303,0  3,  00000159, 1, 0
20100128103549R:A 301,0  3,  00001225,0, 0
20100128103549S:A0302,0003,  00001225,1,00,00
20100128103551R:A 303,0  3,  00001225, 1, 0
20100128103720R:A 301,0  3,  00001043,0, 0
20100128103720S:A0302,0003,  00001043,1,00,00
20100128103723R:A 303,0  3,  00001043, 1, 0
20100128103749R:A 301,0  3,  00000096,0, 0
20100128103749S:A0302,0003,  00000096,1,00,00
20100128103751R:A 303,0  3,  00000096, 1, 0
20100128103837R:T 301,0  3, 1, 0, 0
20100128103853R:T 301,0  3, 1, 1, 0
20100128103856R:A 301,0  3,  00000011,0, 0
20100128103856S:A0302,0003,  00000011,2,00,00
20100128103901R:A 303,0  3,  00000011, 2, 0
20100128103940R:A 301,0  3,  00000103,0, 0
20100128103940S:A0302,0003,  00000103,2,00,00
20100128103945R:A 303,0  3,  00000103, 2, 0
20100128104001R:A 301,0  3,  00001276,0, 0
20100128104001S:A0302,0003,  00001276,2,00,00
20100128104006R:A 303,0  3,  00001276, 2, 0
20100128104049R:A 301,0  3,  00000197,0, 0
20100128104049S:A0302,0003,  00000197,2,00,00
20100128104053R:A 303,0  3,  00000197, 2, 0
20100128104304R:A 301,0  3,  00001263,0, 0
20100128104304S:A0302,0003,  00001263,2,00,00
20100128104309R:A 303,0  3,  00001263, 2, 0
20100128104429R:A 301,0  3,  00000053,0, 0
20100128104429S:A0302,0003,  00000053,2,00,00
20100128104434R:A 303,0  3,  00000053, 2, 0
20100128104445R:A 301,0  3,  00001192,0, 0
20100128104445S:A0302,0003,  00001192,2,00,00
20100128104450R:A 303,0  3,  00001192, 2, 0
20100128104519R:A 301,0  3,  00000111,0, 0
20100128104519S:A0302,0003,  00000111,2,00,00
20100128104524R:A 303,0  3,  00000111, 2, 0
20100128104655R:A 301,0  3,  00000179,0, 0
20100128104655S:A0302,0003,  00000179,2,00,00
20100128104700R:A 303,0  3,  00000179, 2, 0
20100128104743R:A 301,0  3,  00001045,0, 0
20100128104743S:A0302,0003,  00001045,2,00,00
20100128104748R:A 303,0  3,  00001045, 2, 0
20100128104830R:T 301,0  3, 2, 0, 0
20100128104842R:T 301,0  3, 2, 1, 0
20100128105151R:A 301,0  3,  00001171,0, 0
20100128105151S:A0302,0003,  00001171,1,00,00
20100128105153R:A 303,0  3,  00001171, 1, 0
20100128105226R:A 301,0  3,  00001115,0, 0
20100128105226S:A0302,0003,  00001115,1,00,00
20100128105228R:A 303,0  3,  00001115, 1, 0
20100128105249R:A 301,0  3,  00000166,0, 0
20100128105249S:A0302,0003,  00000166,1,00,00
20100128105251R:A 303,0  3,  00000166, 1, 0
20100128105252R:T 301,0  3, 1, 0, 0
20100128105254R:T 301,0  3, 1, 0, 0
20100128105303R:T 301,0  3, 1, 0, 0
20100128105304R:T 301,0  3, 1, 1, 0
20100128105317R:T 301,0  3, 1, 0, 0
20100128105352R:T 301,0  3, 1, 0, 0
20100128105353R:T 301,0  3, 1, 1, 0
20100128105519R:T 301,0  3, 1, 0, 0
20100128105524R:A 301,0  3,  00001049,0, 0
20100128105524S:A0302,0003,  00001049,2,00,00
20100128105529R:A 303,0  3,  00001049, 2, 0
20100128105535R:T 301,0  3, 1, 1, 0
20100128105546R:A 301,0  3,  00000091,0, 0
20100128105546S:A0302,0003,  00000091,2,00,00
20100128105551R:A 303,0  3,  00000091, 2, 0
20100128105920R:A 301,0  3,  00000173,0, 0
20100128105920S:A0302,0003,  00000173,2,00,00
20100128105925R:A 303,0  3,  00000173, 2, 0
20100128105957R:A 301,0  3,  00001006,0, 0
20100128105957S:A0302,0003,  00001006,2,00,00
20100128110001R:A 303,0  3,  00001006, 2, 0
20100128110156R:A 301,0  3,  00001195,0, 0
20100128110156S:A0302,0003,  00001195,2,00,00
20100128110201R:A 303,0  3,  00001195, 2, 0
20100128110211R:A 301,0  3,  00000148,0, 0
20100128110211S:A0302,0003,  00000148,2,00,00
20100128110215R:A 303,0  3,  00000148, 2, 0
20100128110236R:A 301,0  3,  00000023,0, 0
20100128110236S:A0302,0003,  00000023,2,00,00
20100128110241R:A 303,0  3,  00000023, 2, 0
20100128110246R:A 301,0  3,  00001018,0, 0
20100128110246S:A0302,0003,  00001018,2,00,00
20100128110251R:A 303,0  3,  00001018, 2, 0
20100128110444R:A 301,0  3,  00001162,0, 0
20100128110444S:A0302,0003,  00001162,2,00,00
20100128110448R:A 303,0  3,  00001162, 2, 0
20100128110523R:A 301,0  3,  00001269,0, 0
20100128110523S:A0302,0003,  00001269,2,00,00
20100128110528R:A 303,0  3,  00001269, 2, 0
20100128110602R:A 301,0  3,  00000066,0, 0
20100128110602S:A0302,0003,  00000066,2,00,00
20100128110607R:A 303,0  3,  00000066, 2, 0
20100128110611R:T 301,0  3, 2, 0, 0
20100128110639R:T 301,0  3, 2, 0, 0
20100128110640R:T 301,0  3, 2, 1, 0
20100128110959R:A 301,0  3,  00001188,0, 0
20100128110959S:A0302,0003,  00001188,1,00,00
20100128111002R:A 303,0  3,  00001188, 1, 0
20100128111311R:A 301,0  3,  00000036,0, 0
20100128111311S:A0302,0003,  00000036,1,00,00
20100128111313R:A 303,0  3,  00000036, 1, 0
20100128111338R:A 301,0  3,  00000063,0, 0
20100128111338S:A0302,0003,  00000063,1,00,00
20100128111340R:A 303,0  3,  00000063, 1, 0
20100128111425R:A 301,0  3,  00001257,0, 0
20100128111425S:A0302,0003,  00001257,1,00,00
20100128111428R:A 303,0  3,  00001257, 1, 0
20100128111435R:A 301,0  3,  00000041,0, 0
20100128111435S:A0302,0003,  00000041,1,00,00
20100128111438R:A 303,0  3,  00000041, 1, 0
20100128111450R:A 301,0  3,  00001035,0, 0
20100128111450S:A0302,0003,  00001035,1,00,00
20100128111453R:A 303,0  3,  00001035, 1, 0
20100128111557R:A 301,0  3,  00001253,0, 0
20100128111557S:A0302,0003,  00001253,1,00,00
20100128111600R:A 303,0  3,  00001253, 1, 0
20100128111643R:A 301,0  3,  00001220,0, 0
20100128111643S:A0302,0003,  00001220,1,00,00
20100128111645R:A 303,0  3,  00001220, 1, 0
20100128111702R:T 301,0  3, 1, 0, 0
20100128111721R:T 301,0  3, 1, 1, 0
20100128112118R:A 301,0  3,  00000193,0, 0
20100128112118S:A0302,0003,  00000193,2,00,00
20100128112123R:A 303,0  3,  00000193, 2, 0
20100128112156R:A 301,0  3,  00000077,0, 0
20100128112156S:A0302,0003,  00000077,2,00,00
20100128112201R:A 303,0  3,  00000077, 2, 0
20100128112413R:A 301,0  3,  00000198,0, 0
20100128112413S:A0302,0003,  00000198,2,00,00
20100128112418R:A 303,0  3,  00000198, 2, 0
20100128112519R:A 301,0  3,  00001206,0, 0
20100128112519S:A0302,0003,  00001206,2,00,00
20100128112523R:A 303,0  3,  00001206, 2, 0
20100128112604R:A 301,0  3,  00000196,0, 0
20100128112604S:A0302,0003,  00000196,2,00,00
20100128112608R:A 303,0  3,  00000196, 2, 0
20100128112743R:A 301,0  3,  00001182,0, 0
20100128112743S:A0302,0003,  00001182,2,00,00
20100128112747R:A 303,0  3,  00001182, 2, 0
20100128112915R:T 301,0  3, 2, 0, 0
20100128112929R:T 301,0  3, 2, 0, 0
20100128112930R:T 301,0  3, 2, 1, 0
20100128113430R:A 301,0  3,  00001221,0, 0
20100128113430S:A0302,0003,  00001221,1,00,00
20100128113433R:A 303,0  3,  00001221, 1, 0
20100128113441R:A 301,0  3,  00001111,0, 0
20100128113441S:A0302,0003,  00001111,1,00,00
20100128113443R:A 303,0  3,  00001111, 1, 0
20100128113649R:A 301,0  3,  00001285,0, 0
20100128113649S:A0302,0003,  00001285,1,00,00
20100128113651R:A 303,0  3,  00001285, 1, 0
20100128113840R:A 301,0  3,  00000183,0, 0
20100128113840S:A0302,0003,  00000183,1,00,00
20100128113842R:A 303,0  3,  00000183, 1, 0
20100128114053R:A 301,0  3,  00001294,0, 0
20100128114053S:A0302,0003,  00001294,1,00,00
20100128114055R:A 303,0  3,  00001294, 1, 0
20100128114109R:A 301,0  3,  00001161,0, 0
20100128114109S:A0302,0003,  00001161,1,00,00
20100128114111R:A 303,0  3,  00001161, 1, 0
20100128114156R:T 301,0  3, 1, 0, 0
20100128114210R:T 301,0  3, 1, 1, 0
20100128114218R:A 301,0  3,  00001291,0, 0
20100128114218S:A0302,0003,  00001291,2,00,00
20100128114223R:A 303,0  3,  00001291, 2, 0
20100128115106R:A 301,0  3,  00000042,0, 0
20100128115106S:A0302,0003,  00000042,2,00,00
20100128115110R:A 303,0  3,  00000042, 2, 0
20100128115147R:A 301,0  3,  00001300,0, 0
20100128115147S:A0302,0003,  00001300,2,00,00
20100128115151R:A 303,0  3,  00001300, 2, 0
20100128115345R:A 301,0  3,  00001256,0, 0
20100128115345S:A0302,0003,  00001256,2,00,00
20100128115350R:A 303,0  3,  00001256, 2, 0
20100128115518R:A 301,0  3,  00000134,0, 0
20100128115518S:A0302,0003,  00000134,2,00,00
20100128115523R:A 303,0  3,  00000134, 2, 0
20100128120103R:A 301,0  3,  00001031,0, 0
20100128120103S:A0302,0003,  00001031,2,00,00
20100128120108R:A 303,0  3,  00001031, 2, 0
20100128120117R:A 301,0  3,  00000078,0, 0
20100128120117S:A0302,0003,  00000078,2,00,00
20100128120122R:A 303,0  3,  00000078, 2, 0
20100128120134R:A 301,0  3,  00000001,0, 0
20100128120134S:A0302,0003,  00000001,2,00,00
20100128120138R:A 303,0  3,  00000001, 2, 0
20100128120153R:A 301,0  3,  00001016,0, 0
20100128120153S:A0302,0003,  00001016,2,00,00
20100128120158R:A 303,0  3,  00001016, 2, 0
20100128120308R:A 301,0  3,  00001281,0, 0
20100128120308S:A0302,0003,  00001281,2,00,00
20100128120313R:A 303,0  3,  00001281, 2, 0
20100128120318R:A 301,0  3,  00000142,0, 0
20100128120319S:A0302,0003,  00000142,2,00,00
20100128120323R:A 303,0  3,  00000142, 2, 0
20100128120337R:A 301,0  3,  00000052,0, 0
20100128120337S:A0302,0003,  00000052,2,00,00
20100128120342R:A 303,0  3,  00000052, 2, 0
20100128120932R:A 301,0  3,  00000049,0, 0
20100128120932S:A0302,0003,  00000049,2,00,00
20100128120937R:A 303,0  3,  00000049, 2, 0
20100128120959R:A 301,0  3,  00000182,0, 0
20100128120959S:A0302,0003,  00000182,2,00,00
20100128121004R:A 303,0  3,  00000182, 2, 0
20100128121010R:A 301,0  3,  00000124,0, 0
20100128121010S:A0302,0003,  00000124,2,00,00
20100128121014R:A 303,0  3,  00000124, 2, 0
20100128121127R:A 301,0  3,  00001255,0, 0
20100128121127S:A0302,0003,  00001255,2,00,00
20100128121132R:A 303,0  3,  00001255, 2, 0
20100128121351R:A 301,0  3,  00001041,0, 0
20100128121351S:A0302,0003,  00001041,2,00,00
20100128121356R:A 303,0  3,  00001041, 2, 0
20100128121451R:A 301,0  3,  00000125,0, 0
20100128121451S:A0302,0003,  00000125,2,00,00
20100128121456R:A 303,0  3,  00000125, 2, 0
20100128121819R:A 301,0  3,  00000035,0, 0
20100128121820S:A0302,0003,  00000035,2,00,00
20100128121824R:A 303,0  3,  00000035, 2, 0
20100128121907R:A 301,0  3,  00000131,0, 0
20100128121907S:A0302,0003,  00000131,2,00,00
20100128121912R:A 303,0  3,  00000131, 2, 0
20100128121926R:A 301,0  3,  00001003,0, 0
20100128121926S:A0302,0003,  00001003,2,00,00
20100128121931R:A 303,0  3,  00001003, 2, 0
20100128121957R:A 301,0  3,  00001277,0, 0
20100128121957S:A0302,0003,  00001277,2,00,00
20100128122002R:A 303,0  3,  00001277, 2, 0
20100128122119R:A 301,0  3,  00000135,0, 0
20100128122119S:A0302,0003,  00000135,2,00,00
20100128122123R:A 303,0  3,  00000135, 2, 0
20100128122449R:A 301,0  3,  00001223,0, 0
20100128122449S:A0302,0003,  00001223,2,00,00
20100128122454R:A 303,0  3,  00001223, 2, 0
20100128122834R:A 301,0  3,  00001131,0, 0
20100128122834S:A0302,0003,  00001131,2,00,00
20100128122838R:A 303,0  3,  00001131, 2, 0
20100128122959R:A 301,0  3,  00001258,0, 0
20100128122959S:A0302,0003,  00001258,2,00,00
20100128123004R:A 303,0  3,  00001258, 2, 0
20100128123312R:A 301,0  3,  00001102,0, 0
20100128123312S:A0302,0003,  00001102,2,00,00
20100128123317R:A 303,0  3,  00001102, 2, 0
20100128123501R:A 301,0  3,  00001119,0, 0
20100128123501S:A0302,0003,  00001119,2,00,00
20100128123506R:A 303,0  3,  00001119, 2, 0
20100128123609R:A 301,0  3,  00000132,0, 0
20100128123609S:A0302,0003,  00000132,2,00,00
20100128123614R:A 303,0  3,  00000132, 2, 0
20100128123742R:A 301,0  3,  00001272,0, 0
20100128123742S:A0302,0003,  00001272,2,00,00
20100128123746R:A 303,0  3,  00001272, 2, 0
20100128123747R:e 300,0  3,  54,54:Tray 2 Full      , 0
20100128123747R:T 301,0  3, 2, 9, 0
20100128123747R:I 303,0  3,0101, 0, 0, 0, 0
20100128123752R:A 301,0  3,  00001268,0, 0
20100128123752S:A0302,0003,  00001268,1,00,00
20100128123755R:A 303,0  3,  00001268, 1, 0
20100128123844R:A 301,0  3,  00000155,0, 0
20100128123844S:A0302,0003,  00000155,1,00,00
20100128123847R:A 303,0  3,  00000155, 1, 0
20100128123901R:T 301,0  3, 2, 1, 0
20100128124004R:A 301,0  3,  00001278,0, 0
20100128124004S:A0302,0003,  00001278,1,00,00
20100128124006R:A 303,0  3,  00001278, 1, 0
20100128124014R:A 301,0  3,  00000092,0, 0
20100128124014S:A0302,0003,  00000092,1,00,00
20100128124017R:A 303,0  3,  00000092, 1, 0
20100128124035R:A 301,0  3,  00000007,0, 0
20100128124035S:A0302,0003,  00000007,1,00,00
20100128124037R:A 303,0  3,  00000007, 1, 0
20100128124849R:A 301,0  3,  00000114,0, 0
20100128124849S:A0302,0003,  00000114,1,00,00
20100128124852R:A 303,0  3,  00000114, 1, 0
20100128124902R:A 301,0  3,  00000090,0, 0
20100128124902S:A0302,0003,  00000090,1,00,00
20100128124905R:A 303,0  3,  00000090, 1, 0
20100128125101R:A 301,0  3,  00001032,0, 0
20100128125101S:A0302,0003,  00001032,1,00,00
20100128125104R:A 303,0  3,  00001032, 1, 0
20100128125234R:A 301,0  3,  00000005,0, 0
20100128125234S:A0302,0003,  00000005,1,00,00
20100128125237R:A 303,0  3,  00000005, 1, 0
20100128125251R:A 301,0  3,  00001224,0, 0
20100128125251S:A0302,0003,  00001224,1,00,00
20100128125253R:A 303,0  3,  00001224, 1, 0
20100128125902R:A 301,0  3,  00001145,0, 0
20100128125902S:A0302,0003,  00001145,1,00,00
20100128125904R:A 303,0  3,  00001145, 1, 0
20100128130122R:A 301,0  3,  00001297,0, 0
20100128130122S:A0302,0003,  00001297,1,00,00
20100128130124R:A 303,0  3,  00001297, 1, 0
20100128130132R:A 301,0  3,  00001271,0, 0
20100128130132S:A0302,0003,  00001271,1,00,00
20100128130134R:A 303,0  3,  00001271, 1, 0
20100128130138R:T 301,0  3, 1, 0, 0
20100128130214R:T 301,0  3, 1, 1, 0
20100128130218R:A 301,0  3,  00001149,0, 0
20100128130219S:A0302,0003,  00001149,2,00,00
20100128130223R:A 303,0  3,  00001149, 2, 0
20100128130420R:A 301,0  3,  00000067,0, 0
20100128130420S:A0302,0003,  00000067,2,00,00
20100128130424R:A 303,0  3,  00000067, 2, 0
20100128130508R:A 301,0  3,  00001106,0, 0
20100128130508S:A0302,0003,  00001106,2,00,00
20100128130512R:A 303,0  3,  00001106, 2, 0
20100128130701R:A 301,0  3,  00000169,0, 0
20100128130701S:A0302,0003,  00000169,2,00,00
20100128130705R:A 303,0  3,  00000169, 2, 0
20100128130959R:A 301,0  3,  00000098,0, 0
20100128130959S:A0302,0003,  00000098,2,00,00
20100128131003R:A 303,0  3,  00000098, 2, 0
20100128131126R:A 301,0  3,  00001270,0, 0
20100128131126S:A0302,0003,  00001270,2,00,00
20100128131130R:A 303,0  3,  00001270, 2, 0
20100128131136R:A 301,0  3,  00001007,0, 0
20100128131136S:A0302,0003,  00001007,2,00,00
20100128131141R:A 303,0  3,  00001007, 2, 0
20100128131250R:A 301,0  3,  00001159,0, 0
20100128131250S:A0302,0003,  00001159,2,00,00
20100128131254R:A 303,0  3,  00001159, 2, 0
20100128131635R:A 301,0  3,  00001170,0, 0
20100128131635S:A0302,0003,  00001170,2,00,00
20100128131640R:A 303,0  3,  00001170, 2, 0
20100128131645R:A 301,0  3,  00001122,0, 0
20100128131645S:A0302,0003,  00001122,2,00,00
20100128131650R:A 303,0  3,  00001122, 2, 0
20100128131904R:A 301,0  3,  00000024,0, 0
20100128131904S:A0302,0003,  00000024,2,00,00
20100128131908R:A 303,0  3,  00000024, 2, 0
20100128132438R:A 301,0  3,  00000093,0, 0
20100128132438S:A0302,0003,  00000093,2,00,00
20100128132443R:A 303,0  3,  00000093, 2, 0
20100128132629R:A 301,0  3,  00000167,0, 0
20100128132629S:A0302,0003,  00000167,2,00,00
20100128132634R:A 303,0  3,  00000167, 2, 0
20100128132942R:A 301,0  3,  00000075,0, 0
20100128132942S:A0302,0003,  00000075,2,00,00
20100128132946R:A 303,0  3,  00000075, 2, 0
20100128133144R:A 301,0  3,  00001217,0, 0
20100128133144S:A0302,0003,  00001217,2,00,00
20100128133148R:A 303,0  3,  00001217, 2, 0
20100128133303R:A 301,0  3,  00000071,0, 0
20100128133303S:A0302,0003,  00000071,2,00,00
20100128133308R:A 303,0  3,  00000071, 2, 0
20100128133314R:A 301,0  3,  00000106,0, 0
20100128133314S:A0302,0003,  00000106,2,00,00
20100128133318R:A 303,0  3,  00000106, 2, 0
20100128133533R:A 301,0  3,  00000056,0, 0
20100128133533S:A0302,0003,  00000056,2,00,00
20100128133538R:A 303,0  3,  00000056, 2, 0
20100128133704R:A 301,0  3,  00000161,0, 0
20100128133704S:A0302,0003,  00000161,2,00,00
20100128133709R:A 303,0  3,  00000161, 2, 0
20100128134520R:A 301,0  3,  00000014,0, 0
20100128134520S:A0302,0003,  00000014,2,00,00
20100128134525R:A 303,0  3,  00000014, 2, 0
20100128134531R:A 301,0  3,  00001036,0, 0
20100128134531S:A0302,0003,  00001036,2,00,00
20100128134535R:A 303,0  3,  00001036, 2, 0
20100128134617R:A 301,0  3,  00000017,0, 0
20100128134617S:A0302,0003,  00000017,2,00,00
20100128134622R:A 303,0  3,  00000017, 2, 0
20100128134710R:A 301,0  3,  00001152,0, 0
20100128134710S:A0302,0003,  00001152,2,00,00
20100128134715R:A 303,0  3,  00001152, 2, 0
20100128135401R:A 301,0  3,  00000118,0, 0
20100128135401S:A0302,0003,  00000118,2,00,00
20100128135406R:A 303,0  3,  00000118, 2, 0
20100128135459R:A 301,0  3,  00000119,0, 0
20100128135459S:A0302,0003,  00000119,2,00,00
20100128135504R:A 303,0  3,  00000119, 2, 0
20100128140034R:A 301,0  3,  00000059,0, 0
20100128140034S:A0302,0003,  00000059,2,00,00
20100128140038R:A 303,0  3,  00000059, 2, 0
20100128140115R:A 301,0  3,  00001280,0, 0
20100128140115S:A0302,0003,  00001280,2,00,00
20100128140119R:A 303,0  3,  00001280, 2, 0
20100128140405R:A 301,0  3,  00000177,0, 0
20100128140405S:A0302,0003,  00000177,2,00,00
20100128140410R:A 303,0  3,  00000177, 2, 0
20100128140531R:A 301,0  3,  00001254,0, 0
20100128140531S:A0302,0003,  00001254,2,00,00
20100128140535R:A 303,0  3,  00001254, 2, 0
20100128141127R:A 301,0  3,  00001027,0, 0
20100128141127S:A0302,0003,  00001027,2,00,00
20100128141132R:A 303,0  3,  00001027, 2, 0
20100128141132R:e 300,0  3,  54,54:Tray 2 Full      , 0
20100128141132R:T 301,0  3, 2, 9, 0
20100128141132R:I 303,0  3,0101, 0, 0, 0, 0
20100128141613R:T 301,0  3, 2, 1, 0
20100128141840R:A 301,0  3,  00000081,0, 0
20100128141840S:A0302,0003,  00000081,1,00,00
20100128141843R:A 303,0  3,  00000081, 1, 0
20100128142027R:A 301,0  3,  00000147,0, 0
20100128142027S:A0302,0003,  00000147,1,00,00
20100128142030R:A 303,0  3,  00000147, 1, 0
20100128142309R:A 301,0  3,  00001267,0, 0
20100128142309S:A0302,0003,  00001267,1,00,00
20100128142312R:A 303,0  3,  00001267, 1, 0
20100128142503R:A 301,0  3,  00000123,0, 0
20100128142504S:A0302,0003,  00000123,1,00,00
20100128142506R:A 303,0  3,  00000123, 1, 0
20100128143930R:A 301,0  3,  00000163,0, 0
20100128143930S:A0302,0003,  00000163,1,00,00
20100128143932R:A 303,0  3,  00000163, 1, 0
20100128144835R:A 301,0  3,  00001299,0, 0
20100128144835S:A0302,0003,  00001299,1,00,00
20100128144837R:A 303,0  3,  00001299, 1, 0
20100128144911R:A 301,0  3,  00000122,0, 0
20100128144911S:A0302,0003,  00000122,1,00,00
20100128144913R:A 303,0  3,  00000122, 1, 0
20100128145217R:A 301,0  3,  00000141,0, 0
20100128145217S:A0302,0003,  00000141,1,00,00
20100128145220R:A 303,0  3,  00000141, 1, 0
20100128145346R:A 301,0  3,  00000127,0, 0
20100128145346S:A0302,0003,  00000127,1,00,00
20100128145348R:A 303,0  3,  00000127, 1, 0
20100128145947R:T 301,0  3, 1, 0, 0
20100128150000R:T 301,0  3, 1, 0, 0
20100128150001R:T 301,0  3, 1, 1, 0
20100128150144R:A 301,0  3,  00000097,0, 0
20100128150145S:A0302,0003,  00000097,2,00,00
20100128150149R:A 303,0  3,  00000097, 2, 0
20100128150622R:A 301,0  3,  00001286,0, 0
20100128150622S:A0302,0003,  00001286,2,00,00
20100128150627R:A 303,0  3,  00001286, 2, 0
20100128150959R:A 301,0  3,  00000079,0, 0
20100128150959S:A0302,0003,  00000079,2,00,00
20100128151004R:A 303,0  3,  00000079, 2, 0
20100128151148R:A 301,0  3,  00000168,0, 0
20100128151148S:A0302,0003,  00000168,2,00,00
20100128151153R:A 303,0  3,  00000168, 2, 0
20100128151804R:A 301,0  3,  00001042,0, 0
20100128151804S:A0302,0003,  00001042,2,00,00
20100128151809R:A 303,0  3,  00001042, 2, 0
20100128152330R:A 301,0  3,  00001136,0, 0
20100128152330S:A0302,0003,  00001136,2,00,00
20100128152335R:A 303,0  3,  00001136, 2, 0
20100128152350R:A 301,0  3,  00000192,0, 0
20100128152350S:A0302,0003,  00000192,2,00,00
20100128152354R:A 303,0  3,  00000192, 2, 0
20100128152805R:T 301,0  3, 2, 0, 0
20100128152820R:T 301,0  3, 2, 0, 0
20100128152821R:T 301,0  3, 2, 1, 0
20100128153333R:A 301,0  3,  00001295,0, 0
20100128153333S:A0302,0003,  00001295,1,00,00
20100128153335R:A 303,0  3,  00001295, 1, 0
20100128153400R:A 301,0  3,  00001260,0, 0
20100128153400S:A0302,0003,  00001260,1,00,00
20100128153402R:A 303,0  3,  00001260, 1, 0
20100128153410R:A 301,0  3,  00001030,0, 0
20100128153410S:A0302,0003,  00001030,1,00,00
20100128153412R:A 303,0  3,  00001030, 1, 0
20100128154017R:A 301,0  3,  00001266,0, 0
20100128154017S:A0302,0003,  00001266,1,00,00
20100128154019R:A 303,0  3,  00001266, 1, 0
20100128154321R:A 301,0  3,  00000100,0, 0
20100128154321S:A0302,0003,  00000100,1,00,00
20100128154323R:A 303,0  3,  00000100, 1, 0
20100128155029R:A 301,0  3,  00001177,0, 0
20100128155029S:A0302,0003,  00001177,1,00,00
20100128155032R:A 303,0  3,  00001177, 1, 0
20100128155258R:T 301,0  3, 1, 0, 0
20100128155315R:T 301,0  3, 1, 0, 0
20100128155316R:T 301,0  3, 1, 1, 0
20100128155453R:A 301,0  3,  00001158,0, 0
20100128155453S:A0302,0003,  00001158,2,00,00
20100128155458R:A 303,0  3,  00001158, 2, 0
20100128160135R:A 301,0  3,  00000128,0, 0
20100128160135S:A0302,0003,  00000128,2,00,00
20100128160140R:A 303,0  3,  00000128, 2, 0
20100128160539R:A 301,0  3,  00001021,0, 0
20100128160539S:A0302,0003,  00001021,2,00,00
20100128160543R:A 303,0  3,  00001021, 2, 0
20100128162434R:T 301,0  3, 2, 0, 0
20100128162445R:T 301,0  3, 2, 0, 0
20100128162447R:T 301,0  3, 2, 1, 0
