20100128073014R:A 301,0  4,  00000148,0, 0
20100128073014S:A0302,0004,  00000148,1,00,00
20100128073017R:A 303,0  4,  00000148, 1, 0
20100128073108R:A 301,0  4,  00000179,0, 0
20100128073108S:A0302,0004,  00000179,1,00,00
20100128073111R:A 303,0  4,  00000179, 1, 0
20100128073138R:A 301,0  4,  00000193,0, 0
20100128073138S:A0302,0004,  00000193,1,00,00
20100128073141R:A 303,0  4,  00000193, 1, 0
20100128073233R:A 301,0  4,  00000091,0, 0
20100128073233S:A0302,0004,  00000091,1,00,00
20100128073236R:A 303,0  4,  00000091, 1, 0
20100128073322R:A 301,0  4,  00001152,0, 0
20100128073322S:A0302,0004,  00001152,1,00,00
20100128073325R:A 303,0  4,  00001152, 1, 0
20100128073419R:A 301,0  4,  00001217,0, 0
20100128073420S:A0302,0004,  00001217,1,00,00
20100128073422R:A 303,0  4,  00001217, 1, 0
20100128073503R:A 301,0  4,  00001270,0, 0
20100128073503S:A0302,0004,  00001270,1,00,00
20100128073506R:A 303,0  4,  00001270, 1, 0
20100128073525R:A 301,0  4,  00000098,0, 0
20100128073525S:A0302,0004,  00000098,1,00,00
20100128073527R:A 303,0  4,  00000098, 1, 0
20100128073609R:A 301,0  4,  00001149,0, 0
20100128073609S:A0302,0004,  00001149,1,00,00
20100128073612R:A 303,0  4,  00001149, 1, 0
20100128073635R:A 301,0  4,  00000092,0, 0
20100128073635S:A0302,0004,  00000092,1,00,00
20100128073638R:A 303,0  4,  00000092, 1, 0
20100128073640R:T 301,0  4, 1, 0, 0
20100128073642R:T 301,0  4, 1, 0, 0
20100128073642R:T 301,0  4, 1, 0, 0
20100128074032R:T 301,0  4, 1, 1, 0
20100128075805R:A 301,0  4,  00001036,0, 0
20100128075805S:A0302,0004,  00001036,2,00,00
20100128075810R:A 303,0  4,  00001036, 2, 0
20100128075836R:A 301,0  4,  00000071,0, 0
20100128075836S:A0302,0004,  00000071,2,00,00
20100128075841R:A 303,0  4,  00000071, 2, 0
20100128075909R:A 301,0  4,  00000014,0, 0
20100128075909S:A0302,0004,  00000014,2,00,00
20100128075914R:A 303,0  4,  00000014, 2, 0
20100128075937R:A 301,0  4,  00001132,0, 0
20100128075937S:A0302,0004,  00001132,2,00,00
20100128075942R:A 303,0  4,  00001132, 2, 0
20100128080115R:A 301,0  4,  00001031,0, 0
20100128080115S:A0302,0004,  00001031,2,00,00
20100128080120R:A 303,0  4,  00001031, 2, 0
20100128080125R:T 301,0  4, 2, 0, 0
20100128080423R:T 301,0  4, 2, 0, 0
20100128080423R:T 301,0  4, 2, 0, 0
20100128080425R:T 301,0  4, 2, 1, 0
20100128080847R:A 301,0  4,  00001129,0, 0
20100128080847S:A0302,0004,  00001129,1,00,00
20100128080850R:A 303,0  4,  00001129, 1, 0
20100128080936R:A 301,0  4,  00001184,0, 0
20100128080936S:A0302,0004,  00001184,1,00,00
20100128080939R:A 303,0  4,  00001184, 1, 0
20100128081154R:A 301,0  4,  00001265,0, 0
20100128081154S:A0302,0004,  00001265,1,00,00
20100128081157R:A 303,0  4,  00001265, 1, 0
20100128081247R:A 301,0  4,  00000083,0, 0
20100128081247S:A0302,0004,  00000083,1,00,00
20100128081250R:A 303,0  4,  00000083, 1, 0
20100128081325R:A 301,0  4,  00000146,0, 0
20100128081325S:A0302,0004,  00000146,1,00,00
20100128081327R:A 303,0  4,  00000146, 1, 0
20100128081409R:T 301,0  4, 1, 0, 0
20100128081647R:T 301,0  4, 1, 1, 0
20100128081704R:A 301,0  4,  00000001,0, 0
20100128081704S:A0302,0004,  00000001,2,00,00
20100128081709R:A 303,0  4,  00000001, 2, 0
20100128081847R:A 301,0  4,  00000198,0, 0
20100128081847S:A0302,0004,  00000198,2,00,00
20100128081852R:A 303,0  4,  00000198, 2, 0
20100128081917R:A 301,0  4,  00000080,0, 0
20100128081917S:A0302,0004,  00000080,2,00,00
20100128081922R:A 303,0  4,  00000080, 2, 0
20100128082157R:A 301,0  4,  00001278,0, 0
20100128082157S:A0302,0004,  00001278,2,00,00
20100128082202R:A 303,0  4,  00001278, 2, 0
20100128082341R:A 301,0  4,  00000182,0, 0
20100128082341S:A0302,0004,  00000182,2,00,00
20100128082346R:A 303,0  4,  00000182, 2, 0
20100128082413R:A 301,0  4,  00000112,0, 0
20100128082413S:A0302,0004,  00000112,2,00,00
20100128082418R:A 303,0  4,  00000112, 2, 0
20100128082628R:T 301,0  4, 2, 0, 0
20100128082855R:A 301,0  4,  00000136,0, 0
20100128082855S:A0302,0004,  00000136,1,00,00
20100128082858R:T 301,0  4, 2, 1, 0
20100128082858R:A 303,0  4,  00000136, 1, 0
20100128082948R:A 301,0  4,  00000038,0, 0
20100128082948S:A0302,0004,  00000038,1,00,00
20100128082951R:A 303,0  4,  00000038, 1, 0
20100128083035R:A 301,0  4,  00000180,0, 0
20100128083035S:A0302,0004,  00000180,1,00,00
20100128083037R:A 303,0  4,  00000180, 1, 0
20100128083141R:A 301,0  4,  00001294,0, 0
20100128083141S:A0302,0004,  00001294,1,00,00
20100128083143R:A 303,0  4,  00001294, 1, 0
20100128083228R:A 301,0  4,  00000049,0, 0
20100128083228S:A0302,0004,  00000049,1,00,00
20100128083231R:A 303,0  4,  00000049, 1, 0
20100128083320R:A 301,0  4,  00000052,0, 0
20100128083320S:A0302,0004,  00000052,1,00,00
20100128083323R:A 303,0  4,  00000052, 1, 0
20100128083406R:A 301,0  4,  00001285,0, 0
20100128083406S:A0302,0004,  00001285,1,00,00
20100128083409R:A 303,0  4,  00001285, 1, 0
20100128083453R:A 301,0  4,  00000183,0, 0
20100128083453S:A0302,0004,  00000183,1,00,00
20100128083456R:A 303,0  4,  00000183, 1, 0
20100128083545R:A 301,0  4,  00001016,0, 0
20100128083545S:A0302,0004,  00001016,1,00,00
20100128083547R:A 303,0  4,  00001016, 1, 0
20100128083548R:T 301,0  4, 1, 0, 0
20100128083550R:T 301,0  4, 1, 0, 0
20100128083630R:A 301,0  4,  00000114,0, 0
20100128083630S:A0302,0004,  00000114,2,00,00
20100128083635R:A 303,0  4,  00000114, 2, 0
20100128083701R:A 301,0  4,  00000007,0, 0
20100128083701S:A0302,0004,  00000007,2,00,00
20100128083707R:A 303,0  4,  00000007, 2, 0
20100128083736R:A 301,0  4,  00001272,0, 0
20100128083736S:A0302,0004,  00001272,2,00,00
20100128083742R:A 303,0  4,  00001272, 2, 0
20100128083907R:A 301,0  4,  00001036,0, 0
20100128083907S:A0302,0004,  00001036,2,00,00
20100128083912R:A 303,0  4,  00001036, 2, 0
20100128083953R:A 301,0  4,  00000071,0, 0
20100128083953S:A0302,0004,  00000071,2,00,00
20100128083959R:A 303,0  4,  00000071, 2, 0
20100128084009R:T 301,0  4, 1, 1, 0
20100128084051R:A 301,0  4,  00000075,0, 0
20100128084051S:A0302,0004,  00000075,2,00,00
20100128084056R:A 303,0  4,  00000075, 2, 0
20100128084137R:A 301,0  4,  00000014,0, 0
20100128084137S:A0302,0004,  00000014,2,00,00
20100128084142R:A 303,0  4,  00000014, 2, 0
20100128084154R:T 301,0  4, 2, 0, 0
20100128084221R:A 301,0  4,  00001132,0, 0
20100128084221S:A0302,0004,  00001132,1,00,00
20100128084224R:A 303,0  4,  00001132, 1, 0
20100128084307R:A 301,0  4,  00001268,0, 0
20100128084307S:A0302,0004,  00001268,1,00,00
20100128084310R:A 303,0  4,  00001268, 1, 0
20100128084404R:A 301,0  4,  00000125,0, 0
20100128084404S:A0302,0004,  00000125,1,00,00
20100128084407R:A 303,0  4,  00000125, 1, 0
20100128084427R:T 301,0  4, 2, 1, 0
20100128084451R:A 301,0  4,  00000155,0, 0
20100128084451S:A0302,0004,  00000155,1,00,00
20100128084453R:A 303,0  4,  00000155, 1, 0
20100128084752R:A 301,0  4,  00000131,0, 0
20100128084752S:A0302,0004,  00000131,1,00,00
20100128084754R:A 303,0  4,  00000131, 1, 0
20100128084810R:T 301,0  4, 1, 0, 0
20100128085002R:A 301,0  4,  00000112,0, 0
20100128085002S:A0302,0004,  00000112,2,00,00
20100128085007R:A 303,0  4,  00000112, 2, 0
20100128085040R:A 301,0  4,  00000040,0, 0
20100128085040S:A0302,0004,  00000040,2,00,00
20100128085045R:A 303,0  4,  00000040, 2, 0
20100128085103R:T 301,0  4, 1, 1, 0
20100128085106R:A 301,0  4,  00001129,0, 0
20100128085106S:A0302,0004,  00001129,2,00,00
20100128085111R:A 303,0  4,  00001129, 2, 0
20100128085144R:A 301,0  4,  00001184,0, 0
20100128085144S:A0302,0004,  00001184,2,00,00
20100128085150R:A 303,0  4,  00001184, 2, 0
20100128085206R:A 301,0  4,  00000083,0, 0
20100128085206S:A0302,0004,  00000083,2,00,00
20100128085211R:A 303,0  4,  00000083, 2, 0
20100128085324R:A 301,0  4,  00001261,0, 0
20100128085324S:A0302,0004,  00001261,2,00,00
20100128085330R:A 303,0  4,  00001261, 2, 0
20100128085410R:A 301,0  4,  00001255,0, 0
20100128085410S:A0302,0004,  00001255,2,00,00
20100128085416R:A 303,0  4,  00001255, 2, 0
20100128085459R:A 301,0  4,  00001031,0, 0
20100128085459S:A0302,0004,  00001031,2,00,00
20100128085504R:A 303,0  4,  00001031, 2, 0
20100128085534R:A 301,0  4,  00000182,0, 0
20100128085534S:A0302,0004,  00000182,2,00,00
20100128085539R:A 303,0  4,  00000182, 2, 0
20100128085540R:T 301,0  4, 2, 0, 0
20100128085542R:T 301,0  4, 2, 0, 0
20100128090014R:T 301,0  4, 2, 1, 0
20100128090254R:A 301,0  4,  00001032,0, 0
20100128090254S:A0302,0004,  00001032,1,00,00
20100128090257R:A 303,0  4,  00001032, 1, 0
20100128090334R:A 301,0  4,  00001223,0, 0
20100128090334S:A0302,0004,  00001223,1,00,00
20100128090337R:A 303,0  4,  00001223, 1, 0
20100128090359R:A 301,0  4,  00001102,0, 0
20100128090359S:A0302,0004,  00001102,1,00,00
20100128090401R:A 303,0  4,  00001102, 1, 0
20100128090504R:A 301,0  4,  00001278,0, 0
20100128090504S:A0302,0004,  00001278,1,00,00
20100128090507R:A 303,0  4,  00001278, 1, 0
20100128090540R:A 301,0  4,  00001258,0, 0
20100128090540S:A0302,0004,  00001258,1,00,00
20100128090543R:A 303,0  4,  00001258, 1, 0
20100128090641R:A 301,0  4,  00000132,0, 0
20100128090641S:A0302,0004,  00000132,1,00,00
20100128090644R:A 303,0  4,  00000132, 1, 0
20100128090704R:A 301,0  4,  00000005,0, 0
20100128090704S:A0302,0004,  00000005,1,00,00
20100128090706R:A 303,0  4,  00000005, 1, 0
20100128090721R:T 301,0  4, 1, 0, 0
20100128090723R:T 301,0  4, 1, 0, 0
20100128090723R:T 301,0  4, 1, 0, 0
20100128090942R:A 301,0  4,  00000033,0, 0
20100128090942S:A0302,0004,  00000033,2,00,00
20100128090948R:A 303,0  4,  00000033, 2, 0
20100128091232R:T 301,0  4, 1, 1, 0
20100128091243R:A 301,0  4,  00001134,0, 0
20100128091243S:A0302,0004,  00001134,2,00,00
20100128091248R:A 303,0  4,  00001134, 2, 0
20100128091315R:A 301,0  4,  00001265,0, 0
20100128091315S:A0302,0004,  00001265,2,00,00
20100128091320R:A 303,0  4,  00001265, 2, 0
20100128091347R:A 301,0  4,  00001287,0, 0
20100128091347S:A0302,0004,  00001287,2,00,00
20100128091352R:A 303,0  4,  00001287, 2, 0
20100128091429R:A 301,0  4,  00000151,0, 0
20100128091429S:A0302,0004,  00000151,2,00,00
20100128091434R:A 303,0  4,  00000151, 2, 0
20100128091516R:A 301,0  4,  00001273,0, 0
20100128091516S:A0302,0004,  00001273,2,00,00
20100128091521R:A 303,0  4,  00001273, 2, 0
20100128091546R:T 301,0  4, 2, 0, 0
20100128091624R:A 301,0  4,  00001116,0, 0
20100128091624S:A0302,0004,  00001116,1,00,00
20100128091627R:A 303,0  4,  00001116, 1, 0
20100128091737R:A 301,0  4,  00000188,0, 0
20100128091737S:A0302,0004,  00000188,1,00,00
20100128091739R:A 303,0  4,  00000188, 1, 0
20100128091826R:A 301,0  4,  00000094,0, 0
20100128091826S:A0302,0004,  00000094,1,00,00
20100128091829R:A 303,0  4,  00000094, 1, 0
20100128091913R:A 301,0  4,  00001219,0, 0
20100128091913S:A0302,0004,  00001219,1,00,00
20100128091915R:A 303,0  4,  00001219, 1, 0
20100128091957R:A 301,0  4,  00001130,0, 0
20100128091957S:A0302,0004,  00001130,1,00,00
20100128091958R:T 301,0  4, 2, 1, 0
20100128092000R:A 303,0  4,  00001130, 1, 0
20100128092045R:A 301,0  4,  00000146,0, 0
20100128092045S:A0302,0004,  00000146,1,00,00
20100128092047R:A 303,0  4,  00000146, 1, 0
20100128092143R:A 301,0  4,  00001290,0, 0
20100128092143S:A0302,0004,  00001290,1,00,00
20100128092145R:A 303,0  4,  00001290, 1, 0
20100128092156R:T 301,0  4, 1, 0, 0
20100128092229R:A 301,0  4,  00001026,0, 0
20100128092229S:A0302,0004,  00001026,2,00,00
20100128092235R:A 303,0  4,  00001026, 2, 0
20100128092319R:A 301,0  4,  00001118,0, 0
20100128092319S:A0302,0004,  00001118,2,00,00
20100128092324R:A 303,0  4,  00001118, 2, 0
20100128092405R:A 301,0  4,  00000102,0, 0
20100128092405S:A0302,0004,  00000102,2,00,00
20100128092411R:A 303,0  4,  00000102, 2, 0
20100128092436R:A 301,0  4,  00000088,0, 0
20100128092436S:A0302,0004,  00000088,2,00,00
20100128092441R:A 303,0  4,  00000088, 2, 0
20100128092505R:A 301,0  4,  00000180,0, 0
20100128092505S:A0302,0004,  00000180,2,00,00
20100128092511R:A 303,0  4,  00000180, 2, 0
20100128092526R:T 301,0  4, 1, 1, 0
20100128092548R:A 301,0  4,  00000080,0, 0
20100128092548S:A0302,0004,  00000080,2,00,00
20100128092554R:A 303,0  4,  00000080, 2, 0
20100128092622R:A 301,0  4,  00000136,0, 0
20100128092622S:A0302,0004,  00000136,2,00,00
20100128092627R:A 303,0  4,  00000136, 2, 0
20100128092644R:A 301,0  4,  00001132,0, 0
20100128092644S:A0302,0004,  00001132,2,00,00
20100128092649R:A 303,0  4,  00001132, 2, 0
20100128092732R:A 301,0  4,  00000038,0, 0
20100128092732S:A0302,0004,  00000038,2,00,00
20100128092737R:A 303,0  4,  00000038, 2, 0
20100128092805R:T 301,0  4, 2, 0, 0
20100128092816R:A 301,0  4,  00000012,0, 0
20100128092816S:A0302,0004,  00000012,1,00,00
20100128092819R:A 303,0  4,  00000012, 1, 0
20100128092953R:T 301,0  4, 2, 1, 0
20100128093033R:A 301,0  4,  00000112,0, 0
20100128093033S:A0302,0004,  00000112,1,00,00
20100128093035R:A 303,0  4,  00000112, 1, 0
20100128093112R:A 301,0  4,  00001261,0, 0
20100128093112S:A0302,0004,  00001261,1,00,00
20100128093114R:A 303,0  4,  00001261, 1, 0
20100128093241R:A 301,0  4,  00001215,0, 0
20100128093241S:A0302,0004,  00001215,1,00,00
20100128093244R:A 303,0  4,  00001215, 1, 0
20100128093307R:A 301,0  4,  00001033,0, 0
20100128093307S:A0302,0004,  00001033,1,00,00
20100128093310R:A 303,0  4,  00001033, 1, 0
20100128093717R:A 301,0  4,  00000040,0, 0
20100128093717S:A0302,0004,  00000040,1,00,00
20100128093720R:A 303,0  4,  00000040, 1, 0
20100128093820R:A 301,0  4,  00000083,0, 0
20100128093820S:A0302,0004,  00000083,1,00,00
20100128093822R:A 303,0  4,  00000083, 1, 0
20100128093829R:T 301,0  4, 1, 0, 0
20100128094215R:A 301,0  4,  00001129,0, 0
20100128094216S:A0302,0004,  00001129,2,00,00
20100128094221R:A 303,0  4,  00001129, 2, 0
20100128094250R:T 301,0  4, 1, 1, 0
20100128094358R:A 301,0  4,  00000129,0, 0
20100128094358S:A0302,0004,  00000129,2,00,00
20100128094403R:A 303,0  4,  00000129, 2, 0
20100128094622R:A 301,0  4,  00001184,0, 0
20100128094622S:A0302,0004,  00001184,2,00,00
20100128094628R:A 303,0  4,  00001184, 2, 0
20100128094709R:A 301,0  4,  00001186,0, 0
20100128094709S:A0302,0004,  00001186,2,00,00
20100128094715R:A 303,0  4,  00001186, 2, 0
20100128094729R:T 301,0  4, 2, 0, 0
20100128094731R:T 301,0  4, 2, 0, 0
20100128094731R:T 301,0  4, 2, 0, 0
20100128094937R:T 301,0  4, 2, 1, 0
20100128094946R:A 301,0  4,  00001287,0, 0
20100128094946S:A0302,0004,  00001287,1,00,00
20100128094949R:A 303,0  4,  00001287, 1, 0
20100128095216R:A 301,0  4,  00001260,0, 0
20100128095216S:A0302,0004,  00001260,1,00,00
20100128095219R:A 303,0  4,  00001260, 1, 0
20100128095238R:A 301,0  4,  00000100,0, 0
20100128095238S:A0302,0004,  00000100,1,00,00
20100128095241R:A 303,0  4,  00000100, 1, 0
20100128095843R:A 301,0  4,  00001134,0, 0
20100128095843S:A0302,0004,  00001134,1,00,00
20100128095845R:A 303,0  4,  00001134, 1, 0
20100128095900R:T 301,0  4, 1, 0, 0
20100128095927R:T 301,0  4, 1, 0, 0
20100128095929R:T 301,0  4, 1, 1, 0
20100128100137R:A 301,0  4,  00000033,0, 0
20100128100137S:A0302,0004,  00000033,2,00,00
20100128100142R:A 303,0  4,  00000033, 2, 0
20100128100211R:A 301,0  4,  00001265,0, 0
20100128100211S:A0302,0004,  00001265,2,00,00
20100128100216R:A 303,0  4,  00001265, 2, 0
20100128100228R:A 301,0  4,  00000140,0, 0
20100128100228S:A0302,0004,  00000140,2,00,00
20100128100233R:A 303,0  4,  00000140, 2, 0
20100128100313R:T 301,0  4, 2, 0, 0
20100128100324R:T 301,0  4, 2, 1, 0
20100128100647R:A 301,0  4,  00001194,0, 0
20100128100647S:A0302,0004,  00001194,1,00,00
20100128100650R:A 303,0  4,  00001194, 1, 0
20100128101105R:A 301,0  4,  00001139,0, 0
20100128101105S:A0302,0004,  00001139,1,00,00
20100128101107R:A 303,0  4,  00001139, 1, 0
20100128101406R:T 301,0  4, 1, 0, 0
20100128101423R:T 301,0  4, 1, 1, 0
20100128101709R:A 301,0  4,  00000073,0, 0
20100128101709S:A0302,0004,  00000073,2,00,00
20100128101714R:A 303,0  4,  00000073, 2, 0
20100128101743R:A 301,0  4,  00000020,0, 0
20100128101743S:A0302,0004,  00000020,2,00,00
20100128101749R:A 303,0  4,  00000020, 2, 0
20100128102133R:A 301,0  4,  00000195,0, 0
20100128102133S:A0302,0004,  00000195,2,00,00
20100128102138R:A 303,0  4,  00000195, 2, 0
20100128102817R:A 301,0  4,  00001275,0, 0
20100128102817S:A0302,0004,  00001275,2,00,00
20100128102822R:A 303,0  4,  00001275, 2, 0
20100128102847R:A 301,0  4,  00001103,0, 0
20100128102847S:A0302,0004,  00001103,2,00,00
20100128102852R:A 303,0  4,  00001103, 2, 0
20100128103101R:A 301,0  4,  00001186,0, 0
20100128103101S:A0302,0004,  00001186,2,00,00
20100128103106R:A 303,0  4,  00001186, 2, 0
20100128103115R:T 301,0  4, 2, 0, 0
20100128103205R:A 301,0  4,  00000012,0, 0
20100128103205S:A0302,0004,  00000012,1,00,00
20100128103208R:A 303,0  4,  00000012, 1, 0
20100128103257R:A 301,0  4,  00000033,0, 0
20100128103257S:A0302,0004,  00000033,1,00,00
20100128103259R:A 303,0  4,  00000033, 1, 0
20100128103400R:A 301,0  4,  00001288,0, 0
20100128103400S:A0302,0004,  00001288,1,00,00
20100128103403R:A 303,0  4,  00001288, 1, 0
20100128103433R:T 301,0  4, 2, 1, 0
20100128103439R:A 301,0  4,  00001184,0, 0
20100128103439S:A0302,0004,  00001184,1,00,00
20100128103441R:A 303,0  4,  00001184, 1, 0
20100128103552R:A 301,0  4,  00001129,0, 0
20100128103552S:A0302,0004,  00001129,1,00,00
20100128103555R:A 303,0  4,  00001129, 1, 0
20100128103642R:A 301,0  4,  00000129,0, 0
20100128103642S:A0302,0004,  00000129,1,00,00
20100128103645R:A 303,0  4,  00000129, 1, 0
20100128103732R:A 301,0  4,  00001265,0, 0
20100128103732S:A0302,0004,  00001265,1,00,00
20100128103734R:A 303,0  4,  00001265, 1, 0
20100128103821R:A 301,0  4,  00000140,0, 0
20100128103821S:A0302,0004,  00000140,1,00,00
20100128103824R:A 303,0  4,  00000140, 1, 0
20100128103825R:T 301,0  4, 1, 0, 0
20100128103922R:A 301,0  4,  00001287,0, 0
20100128103922S:A0302,0004,  00001287,2,00,00
20100128103927R:A 303,0  4,  00001287, 2, 0
20100128103957R:A 301,0  4,  00001260,0, 0
20100128103957S:A0302,0004,  00001260,2,00,00
20100128104002R:A 303,0  4,  00001260, 2, 0
20100128104047R:A 301,0  4,  00000128,0, 0
20100128104047S:A0302,0004,  00000128,2,00,00
20100128104052R:A 303,0  4,  00000128, 2, 0
20100128104135R:A 301,0  4,  00001030,0, 0
20100128104135S:A0302,0004,  00001030,2,00,00
20100128104140R:A 303,0  4,  00001030, 2, 0
20100128104205R:A 301,0  4,  00001222,0, 0
20100128104205S:A0302,0004,  00001222,2,00,00
20100128104210R:A 303,0  4,  00001222, 2, 0
20100128104256R:T 301,0  4, 1, 0, 0
20100128104258R:T 301,0  4, 1, 1, 0
20100128104300R:A 301,0  4,  00000100,0, 0
20100128104300S:A0302,0004,  00000100,2,00,00
20100128104305R:A 303,0  4,  00000100, 2, 0
20100128104320R:T 301,0  4, 2, 0, 0
20100128104324R:T 301,0  4, 2, 0, 0
20100128104324R:T 301,0  4, 2, 0, 0
20100128104348R:A 301,0  4,  00001134,0, 0
20100128104348S:A0302,0004,  00001134,1,00,00
20100128104351R:A 303,0  4,  00001134, 1, 0
20100128104435R:A 301,0  4,  00000112,0, 0
20100128104435S:A0302,0004,  00000112,1,00,00
20100128104437R:A 303,0  4,  00000112, 1, 0
20100128104453R:A 301,0  4,  00001153,0, 0
20100128104453S:A0302,0004,  00001153,1,00,00
20100128104456R:A 303,0  4,  00001153, 1, 0
20100128104541R:T 301,0  4, 2, 1, 0
20100128104552R:A 301,0  4,  00000116,0, 0
20100128104552S:A0302,0004,  00000116,1,00,00
20100128104554R:A 303,0  4,  00000116, 1, 0
20100128105131R:A 301,0  4,  00001133,0, 0
20100128105131S:A0302,0004,  00001133,1,00,00
20100128105134R:A 303,0  4,  00001133, 1, 0
20100128105216R:A 301,0  4,  00000162,0, 0
20100128105216S:A0302,0004,  00000162,1,00,00
20100128105218R:A 303,0  4,  00000162, 1, 0
20100128105313R:A 301,0  4,  00001298,0, 0
20100128105313S:A0302,0004,  00001298,1,00,00
20100128105316R:A 303,0  4,  00001298, 1, 0
20100128105320R:T 301,0  4, 1, 0, 0
20100128105322R:T 301,0  4, 1, 0, 0
20100128105514R:A 301,0  4,  00000086,0, 0
20100128105514S:A0302,0004,  00000086,2,00,00
20100128105519R:A 303,0  4,  00000086, 2, 0
20100128105734R:T 301,0  4, 1, 1, 0
20100128110159R:A 301,0  4,  00001200,0, 0
20100128110159S:A0302,0004,  00001200,2,00,00
20100128110205R:A 303,0  4,  00001200, 2, 0
20100128110508R:A 301,0  4,  00000107,0, 0
20100128110508S:A0302,0004,  00000107,2,00,00
20100128110513R:A 303,0  4,  00000107, 2, 0
20100128110558R:A 301,0  4,  00001282,0, 0
20100128110558S:A0302,0004,  00001282,2,00,00
20100128110604R:A 303,0  4,  00001282, 2, 0
20100128110644R:A 301,0  4,  00001048,0, 0
20100128110644S:A0302,0004,  00001048,2,00,00
20100128110649R:A 303,0  4,  00001048, 2, 0
20100128110702R:T 301,0  4, 2, 0, 0
20100128111037R:T 301,0  4, 2, 1, 0
20100128111429R:A 301,0  4,  00000026,0, 0
20100128111429S:A0302,0004,  00000026,1,00,00
20100128111432R:A 303,0  4,  00000026, 1, 0
20100128111505R:A 301,0  4,  00001265,0, 0
20100128111505S:A0302,0004,  00001265,1,00,00
20100128111508R:A 303,0  4,  00001265, 1, 0
20100128111633R:A 301,0  4,  00000158,0, 0
20100128111633S:A0302,0004,  00000158,1,00,00
20100128111635R:A 303,0  4,  00000158, 1, 0
20100128111825R:T 301,0  4, 1, 0, 0
20100128111843R:T 301,0  4, 1, 1, 0
20100128112610R:A 301,0  4,  00001283,0, 0
20100128112610S:A0302,0004,  00001283,2,00,00
20100128112616R:A 303,0  4,  00001283, 2, 0
20100128112640R:A 301,0  4,  00000129,0, 0
20100128112640S:A0302,0004,  00000129,2,00,00
20100128112646R:A 303,0  4,  00000129, 2, 0
20100128112719R:A 301,0  4,  00001184,0, 0
20100128112719S:A0302,0004,  00001184,2,00,00
20100128112724R:A 303,0  4,  00001184, 2, 0
20100128112949R:T 301,0  4, 2, 0, 0
20100128113003R:T 301,0  4, 2, 1, 0
20100128113018R:A 301,0  4,  00001129,0, 0
20100128113018S:A0302,0004,  00001129,1,00,00
20100128113021R:A 303,0  4,  00001129, 1, 0
20100128113400R:A 301,0  4,  00001282,0, 0
20100128113400S:A0302,0004,  00001282,1,00,00
20100128113403R:A 303,0  4,  00001282, 1, 0
20100128113436R:A 301,0  4,  00000107,0, 0
20100128113436S:A0302,0004,  00000107,1,00,00
20100128113438R:A 303,0  4,  00000107, 1, 0
20100128113527R:A 301,0  4,  00000086,0, 0
20100128113527S:A0302,0004,  00000086,1,00,00
20100128113530R:A 303,0  4,  00000086, 1, 0
20100128114102R:A 301,0  4,  00001200,0, 0
20100128114102S:A0302,0004,  00001200,1,00,00
20100128114105R:A 303,0  4,  00001200, 1, 0
20100128114130R:A 301,0  4,  00001220,0, 0
20100128114131S:A0302,0004,  00001220,1,00,00
20100128114133R:A 303,0  4,  00001220, 1, 0
20100128114312R:T 301,0  4, 1, 0, 0
20100128114314R:T 301,0  4, 1, 0, 0
20100128114600R:T 301,0  4, 1, 1, 0
20100128114700R:A 301,0  4,  00001265,0, 0
20100128114700S:A0302,0004,  00001265,2,00,00
20100128114705R:A 303,0  4,  00001265, 2, 0
20100128115017R:A 301,0  4,  00000026,0, 0
20100128115017S:A0302,0004,  00000026,2,00,00
20100128115022R:A 303,0  4,  00000026, 2, 0
20100128115039R:A 301,0  4,  00000077,0, 0
20100128115039S:A0302,0004,  00000077,2,00,00
20100128115044R:A 303,0  4,  00000077, 2, 0
20100128115139R:A 301,0  4,  00000158,0, 0
20100128115139S:A0302,0004,  00000158,2,00,00
20100128115144R:A 303,0  4,  00000158, 2, 0
20100128115146R:T 301,0  4, 2, 0, 0
20100128115147R:T 301,0  4, 2, 0, 0
20100128115358R:T 301,0  4, 2, 1, 0
20100128120023R:A 301,0  4,  00001182,0, 0
20100128120023S:A0302,0004,  00001182,1,00,00
20100128120027R:A 303,0  4,  00001182, 1, 0
20100128120053R:A 301,0  4,  00000198,0, 0
20100128120053S:A0302,0004,  00000198,1,00,00
20100128120055R:A 303,0  4,  00000198, 1, 0
20100128120146R:A 301,0  4,  00000196,0, 0
20100128120146S:A0302,0004,  00000196,1,00,00
20100128120149R:A 303,0  4,  00000196, 1, 0
20100128120359R:A 301,0  4,  00001206,0, 0
20100128120359S:A0302,0004,  00001206,1,00,00
20100128120402R:A 303,0  4,  00001206, 1, 0
20100128120418R:A 301,0  4,  00001184,0, 0
20100128120418S:A0302,0004,  00001184,1,00,00
20100128120420R:A 303,0  4,  00001184, 1, 0
20100128120818R:A 301,0  4,  00000193,0, 0
20100128120818S:A0302,0004,  00000193,1,00,00
20100128120821R:A 303,0  4,  00000193, 1, 0
20100128120946R:T 301,0  4, 1, 0, 0
20100128121048R:A 301,0  4,  00001253,0, 0
20100128121048S:A0302,0004,  00001253,2,00,00
20100128121054R:A 303,0  4,  00001253, 2, 0
20100128121116R:A 301,0  4,  00001257,0, 0
20100128121116S:A0302,0004,  00001257,2,00,00
20100128121121R:A 303,0  4,  00001257, 2, 0
20100128121432R:T 301,0  4, 1, 1, 0
20100128122051R:A 301,0  4,  00001283,0, 0
20100128122051S:A0302,0004,  00001283,2,00,00
20100128122056R:A 303,0  4,  00001283, 2, 0
20100128122144R:A 301,0  4,  00000041,0, 0
20100128122144S:A0302,0004,  00000041,2,00,00
20100128122149R:A 303,0  4,  00000041, 2, 0
20100128122226R:A 301,0  4,  00000129,0, 0
20100128122226S:A0302,0004,  00000129,2,00,00
20100128122232R:A 303,0  4,  00000129, 2, 0
20100128122257R:A 301,0  4,  00000077,0, 0
20100128122257S:A0302,0004,  00000077,2,00,00
20100128122302R:A 303,0  4,  00000077, 2, 0
20100128122304R:T 301,0  4, 2, 0, 0
20100128122305R:T 301,0  4, 2, 0, 0
20100128122511R:A 301,0  4,  00001035,0, 0
20100128122511S:A0302,0004,  00001035,1,00,00
20100128122514R:A 303,0  4,  00001035, 1, 0
20100128122548R:A 301,0  4,  00000158,0, 0
20100128122548S:A0302,0004,  00000158,1,00,00
20100128122550R:A 303,0  4,  00000158, 1, 0
20100128122912R:A 301,0  4,  00001265,0, 0
20100128122912S:A0302,0004,  00001265,1,00,00
20100128122914R:A 303,0  4,  00001265, 1, 0
20100128122930R:A 301,0  4,  00000026,0, 0
20100128122930S:A0302,0004,  00000026,1,00,00
20100128122933R:A 303,0  4,  00000026, 1, 0
20100128123006R:T 301,0  4, 2, 1, 0
20100128123013R:T 301,0  4, 1, 0, 0
20100128123014R:T 301,0  4, 1, 0, 0
20100128123014R:T 301,0  4, 1, 0, 0
20100128123025R:A 301,0  4,  00000063,0, 0
20100128123025S:A0302,0004,  00000063,2,00,00
20100128123030R:A 303,0  4,  00000063, 2, 0
20100128123056R:T 301,0  4, 1, 1, 0
20100128123731R:A 301,0  4,  00001188,0, 0
20100128123731S:A0302,0004,  00001188,2,00,00
20100128123737R:A 303,0  4,  00001188, 2, 0
20100128124109R:A 301,0  4,  00001048,0, 0
20100128124109S:A0302,0004,  00001048,2,00,00
20100128124114R:A 303,0  4,  00001048, 2, 0
20100128124407R:A 301,0  4,  00000066,0, 0
20100128124407S:A0302,0004,  00000066,2,00,00
20100128124412R:A 303,0  4,  00000066, 2, 0
20100128124758R:A 301,0  4,  00000036,0, 0
20100128124758S:A0302,0004,  00000036,2,00,00
20100128124804R:A 303,0  4,  00000036, 2, 0
20100128124831R:A 301,0  4,  00000173,0, 0
20100128124831S:A0302,0004,  00000173,2,00,00
20100128124836R:A 303,0  4,  00000173, 2, 0
20100128124952R:A 301,0  4,  00001018,0, 0
20100128124952S:A0302,0004,  00001018,2,00,00
20100128124958R:A 303,0  4,  00001018, 2, 0
20100128125033R:A 301,0  4,  00001269,0, 0
20100128125033S:A0302,0004,  00001269,2,00,00
20100128125038R:A 303,0  4,  00001269, 2, 0
20100128125620R:A 301,0  4,  00001162,0, 0
20100128125620S:A0302,0004,  00001162,2,00,00
20100128125626R:A 303,0  4,  00001162, 2, 0
20100128125659R:A 301,0  4,  00001182,0, 0
20100128125659S:A0302,0004,  00001182,2,00,00
20100128125705R:A 303,0  4,  00001182, 2, 0
20100128125948R:A 301,0  4,  00000063,0, 0
20100128125948S:A0302,0004,  00000063,2,00,00
20100128125954R:A 303,0  4,  00000063, 2, 0
20100128130109R:T 301,0  4, 2, 0, 0
20100128130110R:T 301,0  4, 2, 0, 0
20100128130604R:T 301,0  4, 2, 1, 0
20100128133505R:a 300,0  4, 0
20100128133505R:I 303,0  4,0100, 0, 0, 0, 0
20100128133505R:T 301,0  4, 1, 0, 0
20100128133505R:T 301,0  4, 2, 0, 0
20100128133505R:e 300,0  4,  50,50:RmvRack! InitErr , 0
20100128133505R:I 303,0  4,0103, 0, 0, 0, 0
20100128133541R:a 300,0  4, 0
20100128133542R:I 303,0  4,0100, 0, 0, 0, 0
20100128133542R:T 301,0  4, 1, 0, 0
20100128133542R:T 301,0  4, 2, 0, 0
20100128133542R:I 303,0  4,0101, 0, 0, 0, 0
20100128133542R:T 301,0  4, 1, 1, 0
20100128133542R:T 301,0  4, 2, 1, 0
20100128133848R:A 301,0  4,  00000005,0, 0
20100128133740S:A0302,0004,  00000005,1,00,00
20100128133743R:A 303,0  4,  00000005, 1, 0
20100128134336R:A 301,0  4,  00001032,0, 0
20100128134336S:A0302,0004,  00001032,1,00,00
20100128134339R:A 303,0  4,  00001032, 1, 0
20100128134357R:A 301,0  4,  00000007,0, 0
20100128134358S:A0302,0004,  00000007,1,00,00
20100128134400R:A 303,0  4,  00000007, 1, 0
20100128135204R:A 301,0  4,  00001018,0, 0
20100128135204S:A0302,0004,  00001018,1,00,00
20100128135206R:A 303,0  4,  00001018, 1, 0
20100128135250R:A 301,0  4,  00000090,0, 0
20100128135250S:A0302,0004,  00000090,1,00,00
20100128135253R:A 303,0  4,  00000090, 1, 0
20100128135548R:T 301,0  4, 1, 0, 0
20100128135549R:T 301,0  4, 1, 0, 0
20100128135549R:T 301,0  4, 1, 0, 0
20100128135555R:A 301,0  4,  00000173,0, 0
20100128135555S:A0302,0004,  00000173,2,00,00
20100128135601R:A 303,0  4,  00000173, 2, 0
20100128140525R:T 301,0  4, 1, 1, 0
20100128140842R:A 301,0  4,  00000131,0, 0
20100128140842S:A0302,0004,  00000131,2,00,00
20100128140847R:A 303,0  4,  00000131, 2, 0
20100128142547R:A 301,0  4,  00001145,0, 0
20100128142547S:A0302,0004,  00001145,2,00,00
20100128142552R:A 303,0  4,  00001145, 2, 0
20100128142636R:A 301,0  4,  00000066,0, 0
20100128142636S:A0302,0004,  00000066,2,00,00
20100128142641R:A 303,0  4,  00000066, 2, 0
20100128143420R:T 301,0  4, 2, 0, 0
20100128143422R:T 301,0  4, 2, 0, 0
20100128143422R:T 301,0  4, 2, 0, 0
20100128143522R:T 301,0  4, 2, 0, 0
20100128143523R:T 301,0  4, 2, 1, 0
20100128143754R:A 301,0  4,  00000036,0, 0
20100128143754S:A0302,0004,  00000036,1,00,00
20100128143757R:A 303,0  4,  00000036, 1, 0
20100128143833R:A 301,0  4,  00000005,0, 0
20100128143833S:A0302,0004,  00000005,1,00,00
20100128143835R:A 303,0  4,  00000005, 1, 0
20100128144131R:A 301,0  4,  00001271,0, 0
20100128144131S:A0302,0004,  00001271,1,00,00
20100128144134R:A 303,0  4,  00001271, 1, 0
20100128144159R:A 301,0  4,  00000090,0, 0
20100128144159S:A0302,0004,  00000090,1,00,00
20100128144202R:A 303,0  4,  00000090, 1, 0
20100128145032R:A 301,0  4,  00000071,0, 0
20100128145032S:A0302,0004,  00000071,1,00,00
20100128145035R:A 303,0  4,  00000071, 1, 0
20100128145444R:T 301,0  4, 1, 0, 0
20100128145729R:T 301,0  4, 1, 1, 0
20100128151203R:A 301,0  4,  00001297,0, 0
20100128151203S:A0302,0004,  00001297,2,00,00
20100128151208R:A 303,0  4,  00001297, 2, 0
20100128151235R:A 301,0  4,  00000106,0, 0
20100128151235S:A0302,0004,  00000106,2,00,00
20100128151240R:A 303,0  4,  00000106, 2, 0
20100128151454R:A 301,0  4,  00000056,0, 0
20100128151454S:A0302,0004,  00000056,2,00,00
20100128151500R:A 303,0  4,  00000056, 2, 0
20100128152144R:A 301,0  4,  00001159,0, 0
20100128152144S:A0302,0004,  00001159,2,00,00
20100128152149R:A 303,0  4,  00001159, 2, 0
20100128152210R:A 301,0  4,  00001007,0, 0
20100128152210S:A0302,0004,  00001007,2,00,00
20100128152215R:A 303,0  4,  00001007, 2, 0
20100128152244R:A 301,0  4,  00001267,0, 0
20100128152244S:A0302,0004,  00001267,2,00,00
20100128152250R:A 303,0  4,  00001267, 2, 0
20100128152559R:T 301,0  4, 2, 0, 0
20100128152600R:T 301,0  4, 2, 0, 0
20100128152753R:T 301,0  4, 2, 0, 0
20100128152753R:T 301,0  4, 2, 0, 0
20100128152754R:T 301,0  4, 2, 1, 0
20100128153415R:A 301,0  4,  00001270,0, 0
20100128153415S:A0302,0004,  00001270,1,00,00
20100128153418R:A 303,0  4,  00001270, 1, 0
20100128153433R:T 301,0  4, 1, 0, 0
20100128153446R:T 301,0  4, 1, 1, 0
20100128154606R:A 301,0  4,  00000123,0, 0
20100128154606S:A0302,0004,  00000123,2,00,00
20100128154612R:A 303,0  4,  00000123, 2, 0
20100128154617R:T 301,0  4, 2, 0, 0
20100128154623R:T 301,0  4, 2, 1, 0
20100128155425R:A 301,0  4,  00000147,0, 0
20100128155425S:A0302,0004,  00000147,1,00,00
20100128155428R:A 303,0  4,  00000147, 1, 0
20100128155449R:T 301,0  4, 1, 0, 0
20100128155456R:T 301,0  4, 1, 1, 0
