20100128073112R:I 503,0  9,0101, 0, 0, 0, 0
20100128073114R:A 510,0  9,  00000125,10, 0, 0, 0
20100128073120R:I 503,0  9,0100, 0, 0, 0, 0
20100128073208R:I 503,0  9,0101, 0, 0, 0, 0
20100128073209R:A 510,0  9,  00001268,10, 0, 0, 0
20100128073215R:I 503,0  9,0100, 0, 0, 0, 0
20100128073242R:I 503,0  9,0101, 0, 0, 0, 0
20100128073244R:A 510,0  9,  00000007,10, 0, 0, 0
20100128073250R:I 503,0  9,0100, 0, 0, 0, 0
20100128073624R:I 503,0  9,0101, 0, 0, 0, 0
20100128073626R:A 510,0  9,  00000132,10, 0, 0, 0
20100128073632R:I 503,0  9,0100, 0, 0, 0, 0
20100128074630R:I 503,0  9,0101, 0, 0, 0, 0
20100128074631R:A 510,0  9,  00001272,10, 0, 0, 0
20100128074638R:I 503,0  9,0100, 0, 0, 0, 0
20100128075215R:I 503,0  9,0101, 0, 0, 0, 0
20100128075217R:A 510,0  9,  00000183,10, 0, 0, 0
20100128075223R:I 503,0  9,0100, 0, 0, 0, 0
20100128075420R:I 503,0  9,0101, 0, 0, 0, 0
20100128075422R:A 510,0  9,  00000155,10, 0, 0, 0
20100128075428R:I 503,0  9,0100, 0, 0, 0, 0
20100128080015R:I 503,0  9,0101, 0, 0, 0, 0
20100128080017R:A 510,0  9,  00000094,10, 0, 0, 0
20100128080023R:I 503,0  9,0100, 0, 0, 0, 0
20100128080023S:A0500,0009,  00000090,1,00,00
20100128080023R:I 503,0  9,0101, 0, 0, 0, 0
20100128080102R:A 501,0  9,  00000090,0, 0
20100128080102R:A 510,0  9,  00000090, 1, 0, 0, 0
20100128080111R:A 510,0  9,  00000090, 9, 0, 0, 0
20100128080116R:A 503,0  9,  00000090, 0, 0
20100128080649R:A 510,0  9,  00001258,10, 0, 1, 0
20100128080806R:A 510,0  9,  00001130,10, 0, 1, 0
20100128080900R:A 510,0  9,  00001134,10, 0, 1, 0
20100128081018R:A 510,0  9,  00001182,10, 0, 1, 0
20100128081111S:A0500,0009,  00001186,1,00,00
20100128081150R:A 501,0  9,  00001186,0, 0
20100128081151R:A 510,0  9,  00001186, 1, 0, 1, 0
20100128081159R:A 510,0  9,  00001186, 9, 0, 1, 0
20100128081305R:A 510,0  9,  00001219,10, 0, 2, 0
20100128081505S:A0500,0009,  00001033,1,00,00
20100128081535R:A 510,0  9,  00001032,10, 0, 2, 0
20100128081544R:A 501,0  9,  00001033,0, 0
20100128081545R:A 510,0  9,  00001033, 1, 0, 2, 0
20100128081553R:A 510,0  9,  00001033, 9, 0, 2, 0
20100128081749R:A 510,0  9,  00001277,10, 0, 3, 0
20100128081824S:A0500,0009,  00000129,1,00,00
20100128081903R:A 501,0  9,  00000129,0, 0
20100128081903R:A 510,0  9,  00000129, 1, 0, 3, 0
20100128081912R:A 510,0  9,  00000129, 9, 0, 3, 0
20100128082420R:A 510,0  9,  00000012,10, 0, 4, 0
20100128082441S:A0500,0009,  00001273,1,00,00
20100128082459R:A 510,0  9,  00001206,10, 0, 4, 0
20100128082517R:A 510,0  9,  00000100,10, 0, 4, 0
20100128082525R:A 501,0  9,  00001273,0, 0
20100128082525R:A 510,0  9,  00001273, 1, 0, 4, 0
20100128082534R:A 510,0  9,  00001273, 9, 0, 4, 0
20100128082928S:A0503,0009,  00000090,01,00
20100128082931R:A 504,0  9,  00000090, 0, 0
20100128082931R:A 503,0  9,  00001186, 0, 0
20100128083054R:A 510,0  9,  00001215,10, 0, 4, 0
20100128083102R:A 510,0  9,  00001003,10, 0, 4, 0
20100128083238R:A 510,0  9,  00001291,10, 0, 4, 0
20100128083246R:A 510,0  9,  00001106,10, 0, 4, 0
20100128083424R:A 510,0  9,  00000135,10, 0, 4, 0
20100128083432R:A 510,0  9,  00001220,10, 0, 4, 0
20100128083650R:A 510,0  9,  00000035,10, 0, 4, 0
20100128083736R:A 510,0  9,  00000151,10, 0, 4, 0
20100128084016S:A0503,0009,  00001186,01,00
20100128084020R:A 504,0  9,  00001186, 0, 0
20100128084020R:A 503,0  9,  00001033, 0, 0
20100128084058R:A 510,0  9,  00000033,10, 0, 3, 0
20100128084107R:A 510,0  9,  00001260,10, 0, 3, 0
20100128084148S:A0500,0009,  00001101,1,00,00
20100128084227R:A 501,0  9,  00001101,0, 0
20100128084227R:A 510,0  9,  00001101, 1, 0, 3, 0
20100128084236R:A 510,0  9,  00001101, 9, 0, 3, 0
20100128084240R:A 510,0  9,  00001281,10, 0, 4, 0
20100128084328R:A 510,0  9,  00001119,10, 0, 4, 0
20100128084410S:A0503,0009,  00001033,01,00
20100128084411R:A 510,0  9,  00001131,10, 0, 4, 0
20100128084425R:A 504,0  9,  00001033, 0, 0
20100128084425R:A 503,0  9,  00000129, 0, 0
20100128084434R:A 510,0  9,  00000142,10, 0, 3, 0
20100128084442R:A 510,0  9,  00001194,10, 0, 3, 0
20100128084556R:A 510,0  9,  00001041,10, 0, 3, 0
20100128084720R:A 510,0  9,  00001102,10, 0, 3, 0
20100128084728S:A0503,0009,  00000129,01,00
20100128084735R:A 504,0  9,  00000129, 0, 0
20100128084735R:A 503,0  9,  00001273, 0, 0
20100128084907R:A 510,0  9,  00001001,10, 0, 2, 0
20100128085025R:A 510,0  9,  00000188,10, 0, 2, 0
20100128085217R:A 510,0  9,  00001029,10, 0, 2, 0
20100128085253R:A 510,0  9,  00000154,10, 0, 2, 0
20100128085301R:A 510,0  9,  00001116,10, 0, 2, 0
20100128085330S:A0500,0009,  00000065,1,00,00
20100128085346S:A0503,0009,  00001273,01,00
20100128085350R:A 504,0  9,  00001273, 0, 0
20100128085350R:A 503,0  9,  00001101, 0, 0
20100128085409R:A 501,0  9,  00000065,0, 0
20100128085409R:A 510,0  9,  00000065, 1, 0, 1, 0
20100128085418R:A 510,0  9,  00000065, 9, 0, 1, 0
20100128085522R:A 510,0  9,  00000054,10, 0, 2, 0
20100128085835R:A 510,0  9,  00000140,10, 0, 2, 0
20100128090438R:A 510,0  9,  00000186,10, 0, 2, 0
20100128090454R:A 510,0  9,  00000156,10, 0, 2, 0
20100128090502R:A 510,0  9,  00000078,10, 0, 2, 0
20100128090530R:A 510,0  9,  00000124,10, 0, 2, 0
20100128090543R:A 510,0  9,  00000108,10, 0, 2, 0
20100128090607S:A0500,0009,  00001148,1,00,00
20100128090609R:A 510,0  9,  00000134,10, 0, 2, 0
20100128090617R:A 510,0  9,  00001300,10, 0, 2, 0
20100128090645R:A 510,0  9,  00001252,10, 0, 2, 0
20100128090704R:A 501,0  9,  00001148,0, 0
20100128090704R:A 510,0  9,  00001148, 1, 0, 2, 0
20100128090713R:A 510,0  9,  00001148, 9, 0, 2, 0
20100128090813S:A0500,0009,  00000073,1,00,00
20100128090852R:A 501,0  9,  00000073,0, 0
20100128090852R:A 510,0  9,  00000073, 1, 0, 3, 0
20100128090901R:A 510,0  9,  00000073, 9, 0, 3, 0
20100128091025R:A 510,0  9,  00000042,10, 0, 4, 0
20100128091046R:A 510,0  9,  00001296,10, 0, 4, 0
20100128091053S:A0503,0009,  00001101,01,00
20100128091100R:A 504,0  9,  00001101, 0, 0
20100128091101R:A 503,0  9,  00000065, 0, 0
20100128091127R:A 510,0  9,  00001141,10, 0, 3, 0
20100128091147R:A 510,0  9,  00000181,10, 0, 3, 0
20100128091230R:A 510,0  9,  00000089,10, 0, 3, 0
20100128091303R:A 510,0  9,  00001113,10, 0, 3, 0
20100128091322R:A 510,0  9,  00001112,10, 0, 3, 0
20100128091339R:A 510,0  9,  00000164,10, 0, 3, 0
20100128091533R:A 510,0  9,  00000082,10, 0, 3, 0
20100128091619R:A 510,0  9,  00001198,10, 0, 3, 0
20100128091631R:A 510,0  9,  00000028,10, 0, 3, 0
20100128091657R:A 510,0  9,  00000032,10, 0, 3, 0
20100128091726R:A 510,0  9,  00001034,10, 0, 3, 0
20100128091841R:A 510,0  9,  00000194,10, 0, 3, 0
20100128091849R:A 510,0  9,  00001015,10, 0, 3, 0
20100128091903R:A 510,0  9,  00001109,10, 0, 3, 0
20100128092017R:A 510,0  9,  00001139,10, 0, 3, 0
20100128092102R:A 510,0  9,  00001293,10, 0, 3, 0
20100128092110R:A 510,0  9,  00001251,10, 0, 3, 0
20100128092118R:A 510,0  9,  00000137,10, 0, 3, 0
20100128092148R:A 510,0  9,  00000165,10, 0, 3, 0
20100128092235S:A0503,0009,  00000065,01,00
20100128092239R:A 504,0  9,  00000065, 0, 0
20100128092239R:A 503,0  9,  00001148, 0, 0
20100128092248R:A 510,0  9,  00001284,10, 0, 2, 0
20100128092300R:A 510,0  9,  00001197,10, 0, 2, 0
20100128092308R:A 510,0  9,  00001147,10, 0, 2, 0
20100128092337R:A 510,0  9,  00001047,10, 0, 2, 0
20100128092434R:A 510,0  9,  00001022,10, 0, 2, 0
20100128092509R:A 510,0  9,  00001222,10, 0, 2, 0
20100128092729R:A 510,0  9,  00000121,10, 0, 2, 0
20100128092801S:A0500,0009,  00001262,1,00,00
20100128092837R:A 510,0  9,  00000138,10, 0, 2, 0
20100128092845R:A 501,0  9,  00001262,0, 0
20100128092845R:A 510,0  9,  00001262, 1, 0, 2, 0
20100128092852R:A 510,0  9,  00001121,10, 0, 2, 0
20100128092854R:A 510,0  9,  00001262, 9, 0, 2, 0
20100128093307S:A0500,0009,  00001298,1,00,00
20100128093345R:A 510,0  9,  00001030,10, 0, 3, 0
20100128093353R:A 501,0  9,  00001298,0, 0
20100128093354R:A 510,0  9,  00001298, 1, 0, 3, 0
20100128093402R:A 510,0  9,  00001048,10, 0, 3, 0
20100128093403R:A 510,0  9,  00001298, 9, 0, 3, 0
20100128093512S:A0503,0009,  00001148,01,00
20100128093515R:A 504,0  9,  00001148, 0, 0
20100128093515R:A 503,0  9,  00000073, 0, 0
20100128093522R:A 510,0  9,  00000172,10, 0, 3, 0
20100128093713R:A 510,0  9,  00001288,10, 0, 3, 0
20100128093718S:A0503,0009,  00000073,01,00
20100128093727R:A 504,0  9,  00000073, 0, 0
20100128093728R:A 503,0  9,  00001262, 0, 0
20100128093730R:A 510,0  9,  00000020,10, 0, 2, 0
20100128093820R:A 510,0  9,  00001133,10, 0, 2, 0
20100128093901R:A 510,0  9,  00000195,10, 0, 2, 0
20100128093926S:A0500,0009,  00000158,1,00,00
20100128094005R:A 501,0  9,  00000158,0, 0
20100128094005R:A 510,0  9,  00000158, 1, 0, 2, 0
20100128094014R:A 510,0  9,  00000158, 9, 0, 2, 0
20100128094226R:A 510,0  9,  00001193,10, 0, 3, 0
20100128094517R:A 510,0  9,  00001282,10, 0, 3, 0
20100128094834R:A 510,0  9,  00001289,10, 0, 3, 0
20100128094909R:A 510,0  9,  00001046,10, 0, 3, 0
20100128095050R:A 510,0  9,  00001005,10, 0, 3, 0
20100128095109R:A 510,0  9,  00000087,10, 0, 3, 0
20100128095220S:A0500,0009,  00001019,1,00,00
20100128095259R:A 501,0  9,  00001019,0, 0
20100128095259R:A 510,0  9,  00001019, 1, 0, 3, 0
20100128095308R:A 510,0  9,  00001019, 9, 0, 3, 0
20100128095323R:A 510,0  9,  00000034,10, 0, 4, 0
20100128095443R:A 510,0  9,  00000128,10, 0, 4, 0
20100128095516R:A 510,0  9,  00001103,10, 0, 4, 0
20100128095626R:A 510,0  9,  00001275,10, 0, 4, 0
20100128095706S:A0503,0009,  00001262,01,00
20100128095709R:A 504,0  9,  00001262, 0, 0
20100128095709R:A 503,0  9,  00001298, 0, 0
20100128095830R:A 510,0  9,  00001020,10, 0, 3, 0
20100128095908R:A 510,0  9,  00000029,10, 0, 3, 0
20100128100002R:A 510,0  9,  00000116,10, 0, 3, 0
20100128100136S:A0503,0009,  00001298,01,00
20100128100139R:A 504,0  9,  00001298, 0, 0
20100128100139R:A 503,0  9,  00000158, 0, 0
20100128100149R:A 510,0  9,  00000107,10, 0, 2, 0
20100128100208R:A 510,0  9,  00000026,10, 0, 2, 0
20100128100243R:A 510,0  9,  00001153,10, 0, 2, 0
20100128100326S:A0500,0009,  00000095,1,00,00
20100128100405R:A 501,0  9,  00000095,0, 0
20100128100405R:A 510,0  9,  00000095, 1, 0, 2, 0
20100128100414R:A 510,0  9,  00001200,10, 0, 2, 0
20100128100414R:A 510,0  9,  00000095, 9, 0, 2, 0
20100128100422R:A 510,0  9,  00000162,10, 0, 3, 0
20100128100706R:A 510,0  9,  00000130,10, 0, 3, 0
20100128100809R:A 510,0  9,  00001283,10, 0, 3, 0
20100128100830S:A0503,0009,  00000158,01,00
20100128100833R:A 504,0  9,  00000158, 0, 0
20100128100834R:A 503,0  9,  00001019, 0, 0
20100128101210R:A 510,0  9,  00000115,10, 0, 2, 0
20100128101415R:A 510,0  9,  00000086,10, 0, 2, 0
20100128101612R:A 510,0  9,  00001274,10, 0, 2, 0
20100128101845S:A0500,0009,  00000053,1,00,00
20100128101856R:A 510,0  9,  00001196,10, 0, 2, 0
20100128101904R:A 510,0  9,  00001017,10, 0, 2, 0
20100128101924R:A 501,0  9,  00000053,0, 0
20100128101925R:A 510,0  9,  00000053, 1, 0, 2, 0
20100128101934R:A 510,0  9,  00000053, 9, 0, 2, 0
20100128102049S:A0503,0009,  00001019,01,00
20100128102052R:A 504,0  9,  00001019, 0, 0
20100128102052R:A 503,0  9,  00000095, 0, 0
20100128102956R:A 510,0  9,  00000103,10, 0, 2, 0
20100128103024R:A 510,0  9,  00001292,10, 0, 2, 0
20100128103150R:A 510,0  9,  00001218,10, 0, 2, 0
20100128103205R:A 510,0  9,  00000010,10, 0, 2, 0
20100128103231S:A0503,0009,  00000095,01,00
20100128103234R:A 504,0  9,  00000095, 0, 0
20100128103234R:A 503,0  9,  00000053, 0, 0
20100128103310R:A 510,0  9,  00001021,10, 0, 1, 0
20100128103440R:A 510,0  9,  00000159,10, 0, 1, 0
20100128103510R:A 510,0  9,  00000104,10, 0, 1, 0
20100128103542R:A 510,0  9,  00001225,10, 0, 1, 0
20100128103628R:A 510,0  9,  00001158,10, 0, 1, 0
20100128103657R:A 510,0  9,  00000096,10, 0, 1, 0
20100128103721S:A0500,0009,  00001018,1,00,00
20100128103746R:A 510,0  9,  00000197,10, 0, 1, 0
20100128103810R:A 501,0  9,  00001018,0, 0
20100128103810R:A 510,0  9,  00001018, 1, 0, 1, 0
20100128103819R:A 510,0  9,  00001018, 9, 0, 1, 0
20100128104041R:A 510,0  9,  00001043,10, 0, 2, 0
20100128104102R:A 510,0  9,  00001115,10, 0, 2, 0
20100128104217R:A 510,0  9,  00000011,10, 0, 2, 0
20100128104238R:A 510,0  9,  00001049,10, 0, 2, 0
20100128104323R:A 510,0  9,  00001276,10, 0, 2, 0
20100128104415S:A0500,0009,  00001188,1,00,00
20100128104453R:A 510,0  9,  00001006,10, 0, 2, 0
20100128104501R:A 501,0  9,  00001188,0, 0
20100128104501R:A 510,0  9,  00001188, 1, 0, 2, 0
20100128104510R:A 510,0  9,  00001188, 9, 0, 2, 0
20100128104604R:A 510,0  9,  00000023,10, 0, 3, 0
20100128104623R:A 510,0  9,  00001263,10, 0, 3, 0
20100128104707R:A 510,0  9,  00000111,10, 0, 3, 0
20100128104753S:A0503,0009,  00000053,01,00
20100128104756R:A 504,0  9,  00000053, 0, 0
20100128104756R:A 503,0  9,  00001018, 0, 0
20100128104807R:A 510,0  9,  00001192,10, 0, 2, 0
20100128104845S:A0500,0009,  00001257,1,00,00
20100128104927R:A 501,0  9,  00001257,0, 0
20100128104927R:A 510,0  9,  00001257, 1, 0, 2, 0
20100128104936R:A 510,0  9,  00001257, 9, 0, 2, 0
20100128105017R:A 510,0  9,  00000179,10, 0, 3, 0
20100128105105R:A 510,0  9,  00001045,10, 0, 3, 0
20100128105322R:A 510,0  9,  00001269,10, 0, 3, 0
20100128105417R:A 510,0  9,  00000166,10, 0, 3, 0
20100128105512R:A 510,0  9,  00001171,10, 0, 3, 0
20100128105615S:A0500,0009,  00000077,1,00,00
20100128105654R:A 501,0  9,  00000077,0, 0
20100128105654R:A 510,0  9,  00000077, 1, 0, 3, 0
20100128105703R:A 510,0  9,  00000077, 9, 0, 3, 0
20100128105855R:A 510,0  9,  00000091,10, 0, 4, 0
20100128110241R:A 510,0  9,  00000173,10, 0, 4, 0
20100128110303R:A 510,0  9,  00000036,10, 0, 4, 0
20100128110518R:A 510,0  9,  00001195,10, 0, 4, 0
20100128110532R:A 510,0  9,  00000148,10, 0, 4, 0
20100128110608S:A0503,0009,  00001018,01,00
20100128110611R:A 504,0  9,  00001018, 0, 0
20100128110611R:A 503,0  9,  00001188, 0, 0
20100128110748R:A 510,0  9,  00001220,10, 0, 3, 0
20100128110805R:A 510,0  9,  00001162,10, 0, 3, 0
20100128110923R:A 510,0  9,  00000066,10, 0, 3, 0
20100128111324S:A0503,0009,  00001188,01,00
20100128111327R:A 504,0  9,  00001188, 0, 0
20100128111327R:A 503,0  9,  00001257, 0, 0
20100128111528S:A0500,0009,  00001161,1,00,00
20100128111607R:A 501,0  9,  00001161,0, 0
20100128111607R:A 510,0  9,  00001161, 1, 0, 2, 0
20100128111616R:A 510,0  9,  00001161, 9, 0, 2, 0
20100128111625R:A 510,0  9,  00000041,10, 0, 3, 0
20100128111700R:A 510,0  9,  00000063,10, 0, 3, 0
20100128111750S:A0503,0009,  00001257,01,00
20100128111753R:A 504,0  9,  00001257, 0, 0
20100128111753R:A 503,0  9,  00000077, 0, 0
20100128111812R:A 510,0  9,  00001035,10, 0, 2, 0
20100128111919R:A 510,0  9,  00001253,10, 0, 2, 0
20100128112440R:A 510,0  9,  00000193,10, 0, 2, 0
20100128112520S:A0503,0009,  00000077,01,00
20100128112523R:A 504,0  9,  00000077, 0, 0
20100128112524R:A 503,0  9,  00001161, 0, 0
20100128112734R:A 510,0  9,  00000198,10, 0, 1, 0
20100128112751R:A 510,0  9,  00000196,10, 0, 1, 0
20100128112840R:A 510,0  9,  00001206,10, 0, 1, 0
20100128112840S:A0500,0009,  00001256,1,00,00
20100128112919R:A 501,0  9,  00001256,0, 0
20100128112919R:A 510,0  9,  00001256, 1, 0, 1, 0
20100128112928R:A 510,0  9,  00001256, 9, 0, 1, 0
20100128113104R:A 510,0  9,  00001182,10, 0, 2, 0
20100128113546R:A 510,0  9,  00001111,10, 0, 2, 0
20100128113632R:A 510,0  9,  00000042,10, 0, 2, 0
20100128113722S:A0500,0009,  00001016,1,00,00
20100128113752R:A 510,0  9,  00001221,10, 0, 2, 0
20100128113801R:A 501,0  9,  00001016,0, 0
20100128113801R:A 510,0  9,  00001016, 1, 0, 2, 0
20100128113810R:A 510,0  9,  00001016, 9, 0, 2, 0
20100128114010R:A 510,0  9,  00001285,10, 0, 3, 0
20100128114201R:A 510,0  9,  00000183,10, 0, 3, 0
20100128114414R:A 510,0  9,  00001294,10, 0, 3, 0
20100128114433S:A0503,0009,  00001161,01,00
20100128114436R:A 504,0  9,  00001161, 0, 0
20100128114436R:A 503,0  9,  00001256, 0, 0
20100128114540R:A 510,0  9,  00001291,10, 0, 2, 0
20100128114747R:A 510,0  9,  00000134,10, 0, 2, 0
20100128114811S:A0500,0009,  00001041,1,00,00
20100128114849R:A 501,0  9,  00001041,0, 0
20100128114850R:A 510,0  9,  00001041, 1, 0, 2, 0
20100128114859R:A 510,0  9,  00001041, 9, 0, 2, 0
20100128115120R:A 510,0  9,  00000078,10, 0, 3, 0
20100128115508R:A 510,0  9,  00001300,10, 0, 3, 0
20100128115709S:A0503,0009,  00001256,01,00
20100128115712R:A 504,0  9,  00001256, 0, 0
20100128115712R:A 503,0  9,  00001016, 0, 0
20100128120127R:A 510,0  9,  00001255,10, 0, 2, 0
20100128120253S:A0500,0009,  00001131,1,00,00
20100128120309R:A 510,0  9,  00000001,10, 0, 2, 0
20100128120332R:A 501,0  9,  00001131,0, 0
20100128120332R:A 510,0  9,  00001131, 1, 0, 2, 0
20100128120341R:A 510,0  9,  00001131, 9, 0, 2, 0
20100128120424R:A 510,0  9,  00001031,10, 0, 3, 0
20100128120517S:A0503,0009,  00001016,01,00
20100128120520R:A 504,0  9,  00001016, 0, 0
20100128120520R:A 503,0  9,  00001041, 0, 0
20100128120527R:A 510,0  9,  00000142,10, 0, 2, 0
20100128120630R:A 510,0  9,  00001281,10, 0, 2, 0
20100128120658R:A 510,0  9,  00000052,10, 0, 2, 0
20100128120924R:A 510,0  9,  00000131,10, 0, 2, 0
20100128121206R:A 510,0  9,  00000124,10, 0, 2, 0
20100128121229R:A 510,0  9,  00001277,10, 0, 2, 0
20100128121241R:A 510,0  9,  00000049,10, 0, 2, 0
20100128121247S:A0500,0009,  00001268,1,00,00
20100128121321R:A 510,0  9,  00000182,10, 0, 2, 0
20100128121329R:A 501,0  9,  00001268,0, 0
20100128121329R:A 510,0  9,  00001268, 1, 0, 2, 0
20100128121338R:A 510,0  9,  00001268, 9, 0, 2, 0
20100128121715S:A0503,0009,  00001041,01,00
20100128121719R:A 504,0  9,  00001041, 0, 0
20100128121719R:A 503,0  9,  00001131, 0, 0
20100128121813R:A 510,0  9,  00000125,10, 0, 2, 0
20100128122141R:A 510,0  9,  00000035,10, 0, 2, 0
20100128122157R:A 510,0  9,  00001102,10, 0, 2, 0
20100128122248R:A 510,0  9,  00001003,10, 0, 2, 0
20100128122300R:A 510,0  9,  00000135,10, 0, 2, 0
20100128122331R:A 510,0  9,  00000132,10, 0, 2, 0
20100128122639R:A 510,0  9,  00001223,10, 0, 2, 0
20100128122653S:A0500,0009,  00000005,1,00,00
20100128122732R:A 501,0  9,  00000005,0, 0
20100128122733R:A 510,0  9,  00000005, 1, 0, 2, 0
20100128122741R:A 510,0  9,  00000005, 9, 0, 2, 0
20100128123045R:A 510,0  9,  00001272,10, 0, 3, 0
20100128123133R:A 510,0  9,  00000092,10, 0, 3, 0
20100128123158S:A0503,0009,  00001131,01,00
20100128123201R:A 504,0  9,  00001131, 0, 0
20100128123201R:A 503,0  9,  00001268, 0, 0
20100128123321R:A 510,0  9,  00001258,10, 0, 2, 0
20100128123823R:A 510,0  9,  00001119,10, 0, 2, 0
20100128124116S:A0503,0009,  00001268,01,00
20100128124119R:A 504,0  9,  00001268, 0, 0
20100128124119R:A 503,0  9,  00000005, 0, 0
20100128124205R:A 510,0  9,  00000155,10, 0, 1, 0
20100128124215R:A 510,0  9,  00001278,10, 0, 1, 0
20100128124356R:A 510,0  9,  00000007,10, 0, 1, 0
20100128124451R:A 510,0  9,  00001224,10, 0, 1, 0
20100128124454S:A0500,0009,  00000098,1,00,00
20100128124533R:A 501,0  9,  00000098,0, 0
20100128124533R:A 510,0  9,  00000098, 1, 0, 1, 0
20100128124542R:A 510,0  9,  00000098, 9, 0, 1, 0
20100128124903R:A 510,0  9,  00001145,10, 0, 2, 0
20100128124937R:A 510,0  9,  00001271,10, 0, 2, 0
20100128125059R:A 510,0  9,  00000114,10, 0, 2, 0
20100128125130S:A0500,0009,  00001170,1,00,00
20100128125136R:A 510,0  9,  00000067,10, 0, 2, 0
20100128125208R:A 501,0  9,  00001170,0, 0
20100128125209R:A 510,0  9,  00001170, 1, 0, 2, 0
20100128125217R:A 510,0  9,  00001170, 9, 0, 2, 0
20100128125223R:A 510,0  9,  00000090,10, 0, 3, 0
20100128125423R:A 510,0  9,  00001032,10, 0, 3, 0
20100128125558S:A0503,0009,  00000005,01,00
20100128125602R:A 504,0  9,  00000005, 0, 0
20100128125602R:A 503,0  9,  00000098, 0, 0
20100128125727R:A 510,0  9,  00000169,10, 0, 2, 0
20100128130029R:A 510,0  9,  00001007,10, 0, 2, 0
20100128130048S:A0500,0009,  00000167,1,00,00
20100128130126R:A 501,0  9,  00000167,0, 0
20100128130126R:A 510,0  9,  00000167, 1, 0, 2, 0
20100128130135R:A 510,0  9,  00000167, 9, 0, 2, 0
20100128130339R:A 510,0  9,  00001159,10, 0, 3, 0
20100128130413R:A 510,0  9,  00001149,10, 0, 3, 0
20100128130443R:A 510,0  9,  00001297,10, 0, 3, 0
20100128130829R:A 510,0  9,  00001106,10, 0, 3, 0
20100128130913R:A 510,0  9,  00001122,10, 0, 3, 0
20100128131323S:A0503,0009,  00000098,01,00
20100128131326R:A 504,0  9,  00000098, 0, 0
20100128131326R:A 503,0  9,  00001170, 0, 0
20100128131447R:A 510,0  9,  00001270,10, 0, 2, 0
20100128131857R:A 510,0  9,  00000075,10, 0, 2, 0
20100128131934R:A 510,0  9,  00001217,10, 0, 2, 0
20100128131943S:A0500,0009,  00001036,1,00,00
20100128131959S:A0503,0009,  00001170,01,00
20100128132002R:A 504,0  9,  00001170, 0, 0
20100128132002R:A 503,0  9,  00000167, 0, 0
20100128132013R:A 510,0  9,  00000071,10, 0, 1, 0
20100128132021R:A 501,0  9,  00001036,0, 0
20100128132021R:A 510,0  9,  00001036, 1, 0, 1, 0
20100128132030R:A 510,0  9,  00001036, 9, 0, 1, 0
20100128132049R:A 510,0  9,  00000024,10, 0, 2, 0
20100128132759R:A 510,0  9,  00000093,10, 0, 2, 0
20100128132810R:A 510,0  9,  00000161,10, 0, 2, 0
20100128132919S:A0500,0009,  00000119,1,00,00
20100128132953S:A0503,0009,  00000167,01,00
20100128132956R:A 504,0  9,  00000167, 0, 0
20100128132957R:A 503,0  9,  00001036, 0, 0
20100128132959R:A 501,0  9,  00000119,0, 0
20100128132959R:A 510,0  9,  00000119, 1, 0, 1, 0
20100128133008R:A 510,0  9,  00000119, 9, 0, 1, 0
20100128133450R:A 510,0  9,  00000106,10, 0, 2, 0
20100128133738R:A 510,0  9,  00000017,10, 0, 2, 0
20100128133854R:A 510,0  9,  00000056,10, 0, 2, 0
20100128134439R:A 510,0  9,  00000118,10, 0, 2, 0
20100128134842R:A 510,0  9,  00000014,10, 0, 2, 0
20100128134848S:A0503,0009,  00001036,01,00
20100128134856R:A 504,0  9,  00001036, 0, 0
20100128134856R:A 503,0  9,  00000119, 0, 0
20100128135032R:A 510,0  9,  00001152,10, 0, 1, 0
20100128135305R:A 510,0  9,  00000059,10, 0, 1, 0
20100128135350R:A 510,0  9,  00000177,10, 0, 1, 0
20100128135639R:A 510,0  9,  00001254,10, 0, 1, 0
20100128135824S:A0503,0009,  00000119,01,00
20100128135827R:A 504,0  9,  00000119, 0, 0
20100128135827R:I 503,0  9,0100, 0, 0, 0, 0
20100128140434R:I 503,0  9,0101, 0, 0, 0, 0
20100128140436R:A 510,0  9,  00001280,10, 0, 0, 0
20100128140442R:I 503,0  9,0100, 0, 0, 0, 0
20100128140947R:I 503,0  9,0101, 0, 0, 0, 0
20100128140949R:A 510,0  9,  00000081,10, 0, 0, 0
20100128140955R:I 503,0  9,0100, 0, 0, 0, 0
20100128141447R:I 503,0  9,0101, 0, 0, 0, 0
20100128141448R:A 510,0  9,  00001027,10, 0, 0, 0
20100128141454R:I 503,0  9,0100, 0, 0, 0, 0
20100128142347R:I 503,0  9,0101, 0, 0, 0, 0
20100128142348R:A 510,0  9,  00000147,10, 0, 0, 0
20100128142354R:I 503,0  9,0100, 0, 0, 0, 0
20100128142629R:I 503,0  9,0101, 0, 0, 0, 0
20100128142630R:A 510,0  9,  00001267,10, 0, 0, 0
20100128142637R:I 503,0  9,0100, 0, 0, 0, 0
20100128142648R:I 503,0  9,0101, 0, 0, 0, 0
20100128142649R:A 510,0  9,  00000123,10, 0, 0, 0
20100128142655R:I 503,0  9,0100, 0, 0, 0, 0
20100128142734R:I 503,0  9,0101, 0, 0, 0, 0
20100128142735R:A 510,0  9,  00000163,10, 0, 0, 0
20100128142741R:I 503,0  9,0100, 0, 0, 0, 0
20100128143852R:I 503,0  9,0101, 0, 0, 0, 0
20100128143854R:A 510,0  9,  00001299,10, 0, 0, 0
20100128143900R:I 503,0  9,0100, 0, 0, 0, 0
20100128143933R:I 503,0  9,0101, 0, 0, 0, 0
20100128143935R:A 510,0  9,  00000122,10, 0, 0, 0
20100128143941R:I 503,0  9,0100, 0, 0, 0, 0
20100128144233R:I 503,0  9,0101, 0, 0, 0, 0
20100128144235R:A 510,0  9,  00000141,10, 0, 0, 0
20100128144241R:I 503,0  9,0100, 0, 0, 0, 0
20100128145138R:I 503,0  9,0101, 0, 0, 0, 0
20100128145140R:A 510,0  9,  00000097,10, 0, 0, 0
20100128145146R:I 503,0  9,0100, 0, 0, 0, 0
20100128145705R:I 503,0  9,0101, 0, 0, 0, 0
20100128145707R:A 510,0  9,  00000127,10, 0, 0, 0
20100128145713R:I 503,0  9,0100, 0, 0, 0, 0
20100128150942R:I 503,0  9,0101, 0, 0, 0, 0
20100128150943R:A 510,0  9,  00001286,10, 0, 0, 0
20100128150949R:I 503,0  9,0100, 0, 0, 0, 0
20100128151300R:I 503,0  9,0101, 0, 0, 0, 0
20100128151302R:A 510,0  9,  00001136,10, 0, 0, 0
20100128151308R:I 503,0  9,0100, 0, 0, 0, 0
20100128151319R:I 503,0  9,0101, 0, 0, 0, 0
20100128151320R:A 510,0  9,  00000079,10, 0, 0, 0
20100128151326R:I 503,0  9,0100, 0, 0, 0, 0
20100128151340R:I 503,0  9,0101, 0, 0, 0, 0
20100128151342R:A 510,0  9,  00000168,10, 0, 0, 0
20100128151348R:I 503,0  9,0100, 0, 0, 0, 0
20100128152125R:I 503,0  9,0101, 0, 0, 0, 0
20100128152126R:A 510,0  9,  00001042,10, 0, 0, 0
20100128152132R:I 503,0  9,0100, 0, 0, 0, 0
20100128152710R:I 503,0  9,0101, 0, 0, 0, 0
20100128152712R:A 510,0  9,  00000192,10, 0, 0, 0
20100128152718R:I 503,0  9,0100, 0, 0, 0, 0
20100128153525R:I 503,0  9,0101, 0, 0, 0, 0
20100128153526R:A 510,0  9,  00001295,10, 0, 0, 0
20100128153532R:I 503,0  9,0100, 0, 0, 0, 0
20100128153720R:I 503,0  9,0101, 0, 0, 0, 0
20100128153722R:A 510,0  9,  00001260,10, 0, 0, 0
20100128153728R:I 503,0  9,0100, 0, 0, 0, 0
20100128153728R:I 503,0  9,0101, 0, 0, 0, 0
20100128153730R:A 510,0  9,  00001030,10, 0, 0, 0
20100128153736R:I 503,0  9,0100, 0, 0, 0, 0
20100128154337R:I 503,0  9,0101, 0, 0, 0, 0
20100128154339R:A 510,0  9,  00001266,10, 0, 0, 0
20100128154345R:I 503,0  9,0100, 0, 0, 0, 0
20100128154641R:I 503,0  9,0101, 0, 0, 0, 0
20100128154642R:A 510,0  9,  00000100,10, 0, 0, 0
20100128154648R:I 503,0  9,0100, 0, 0, 0, 0
20100128155349R:I 503,0  9,0101, 0, 0, 0, 0
20100128155351R:A 510,0  9,  00001177,10, 0, 0, 0
20100128155357R:I 503,0  9,0100, 0, 0, 0, 0
20100128155813R:I 503,0  9,0101, 0, 0, 0, 0
20100128155815R:A 510,0  9,  00001158,10, 0, 0, 0
20100128155821R:I 503,0  9,0100, 0, 0, 0, 0
20100128160455R:I 503,0  9,0101, 0, 0, 0, 0
20100128160457R:A 510,0  9,  00000128,10, 0, 0, 0
20100128160503R:I 503,0  9,0100, 0, 0, 0, 0
20100128160859R:I 503,0  9,0101, 0, 0, 0, 0
20100128160901R:A 510,0  9,  00001021,10, 0, 0, 0
20100128160907R:I 503,0  9,0100, 0, 0, 0, 0
