20100128073050R:I 503,0  8,0101, 0, 0, 0, 0
20100128073052R:A 510,0  8,  00000125,10, 0, 0, 0
20100128073058R:I 503,0  8,0100, 0, 0, 0, 0
20100128073145R:I 503,0  8,0101, 0, 0, 0, 0
20100128073147R:A 510,0  8,  00001268,10, 0, 0, 0
20100128073153R:I 503,0  8,0100, 0, 0, 0, 0
20100128073219R:I 503,0  8,0101, 0, 0, 0, 0
20100128073221R:A 510,0  8,  00000007,10, 0, 0, 0
20100128073227R:I 503,0  8,0100, 0, 0, 0, 0
20100128073308R:I 503,0  8,0101, 0, 0, 0, 0
20100128073309R:A 510,0  8,  00001272,10, 0, 0, 0
20100128073315R:I 503,0  8,0100, 0, 0, 0, 0
20100128073357R:I 503,0  8,0101, 0, 0, 0, 0
20100128073359R:A 510,0  8,  00000183,10, 0, 0, 0
20100128073405R:I 503,0  8,0100, 0, 0, 0, 0
20100128073432R:I 503,0  8,0101, 0, 0, 0, 0
20100128073434R:A 510,0  8,  00000155,10, 0, 0, 0
20100128073440R:I 503,0  8,0100, 0, 0, 0, 0
20100128073538R:I 503,0  8,0101, 0, 0, 0, 0
20100128073540R:A 510,0  8,  00001258,10, 0, 0, 0
20100128073546R:I 503,0  8,0100, 0, 0, 0, 0
20100128073601R:I 503,0  8,0101, 0, 0, 0, 0
20100128073603R:A 510,0  8,  00000132,10, 0, 0, 0
20100128073609R:I 503,0  8,0100, 0, 0, 0, 0
20100128073844S:A0500,0008,  00001130,1,00,00
20100128073845R:I 503,0  8,0101, 0, 0, 0, 0
20100128073848R:A 501,0  8,  00001130,0, 0
20100128073849R:A 510,0  8,  00001130, 1, 0, 0, 0
20100128073857R:A 510,0  8,  00001130, 9, 0, 0, 0
20100128073902R:A 503,0  8,  00001130, 0, 0
20100128073935S:A0500,0008,  00001134,1,00,00
20100128073939R:A 501,0  8,  00001134,0, 0
20100128073939R:A 510,0  8,  00001134, 1, 0, 1, 0
20100128073948R:A 510,0  8,  00001134, 9, 0, 1, 0
20100128075847R:A 510,0  8,  00001219,10, 0, 2, 0
20100128075954R:A 510,0  8,  00000094,10, 0, 2, 0
20100128080039R:A 510,0  8,  00000090,10, 0, 2, 0
20100128080129S:A0500,0008,  00001003,1,00,00
20100128080133R:A 501,0  8,  00001003,0, 0
20100128080133R:A 510,0  8,  00001003, 1, 0, 2, 0
20100128080142R:A 510,0  8,  00001003, 9, 0, 2, 0
20100128080200R:A 510,0  8,  00001032,10, 0, 3, 0
20100128080746S:A0503,0008,  00001130,01,00
20100128080749R:A 504,0  8,  00001130, 0, 0
20100128080749R:A 503,0  8,  00001134, 0, 0
20100128080840S:A0503,0008,  00001134,01,00
20100128080843R:A 504,0  8,  00001134, 0, 0
20100128080843R:A 503,0  8,  00001003, 0, 0
20100128080930R:A 510,0  8,  00001206,10, 0, 1, 0
20100128080955R:A 510,0  8,  00001182,10, 0, 1, 0
20100128081128R:A 510,0  8,  00001186,10, 0, 1, 0
20100128081353S:A0500,0008,  00001119,1,00,00
20100128081413R:A 501,0  8,  00001119,0, 0
20100128081413R:A 510,0  8,  00001119, 1, 0, 1, 0
20100128081422R:A 510,0  8,  00001119, 9, 0, 1, 0
20100128081518S:A0500,0008,  00001194,1,00,00
20100128081522R:A 510,0  8,  00001033,10, 0, 2, 0
20100128081530R:A 501,0  8,  00001194,0, 0
20100128081530R:A 510,0  8,  00001194, 1, 0, 2, 0
20100128081539R:A 510,0  8,  00001194, 9, 0, 2, 0
20100128081726R:A 510,0  8,  00001277,10, 0, 3, 0
20100128081840R:A 510,0  8,  00000129,10, 0, 3, 0
20100128081934R:A 510,0  8,  00001291,10, 0, 3, 0
20100128082059S:A0500,0008,  00000188,1,00,00
20100128082103R:A 501,0  8,  00000188,0, 0
20100128082103R:A 510,0  8,  00000188, 1, 0, 3, 0
20100128082113R:A 510,0  8,  00000188, 9, 0, 3, 0
20100128082240R:A 510,0  8,  00001220,10, 0, 4, 0
20100128082357R:A 510,0  8,  00000012,10, 0, 4, 0
20100128082455R:A 510,0  8,  00000100,10, 0, 4, 0
20100128082503R:A 510,0  8,  00001273,10, 0, 4, 0
20100128082937R:A 510,0  8,  00001260,10, 0, 4, 0
20100128083031R:A 510,0  8,  00001215,10, 0, 4, 0
20100128083034S:A0503,0008,  00001003,01,00
20100128083042R:A 504,0  8,  00001003, 0, 0
20100128083042R:A 503,0  8,  00001119, 0, 0
20100128083116R:A 510,0  8,  00000142,10, 0, 3, 0
20100128083224R:A 510,0  8,  00001106,10, 0, 3, 0
20100128083309R:A 510,0  8,  00001102,10, 0, 3, 0
20100128083401R:A 510,0  8,  00000135,10, 0, 3, 0
20100128083449R:A 510,0  8,  00001116,10, 0, 3, 0
20100128083534R:A 510,0  8,  00000140,10, 0, 3, 0
20100128083627R:A 510,0  8,  00000035,10, 0, 3, 0
20100128083714R:A 510,0  8,  00000151,10, 0, 3, 0
20100128083746R:A 510,0  8,  00000078,10, 0, 3, 0
20100128083936S:A0500,0008,  00000181,1,00,00
20100128083940R:A 501,0  8,  00000181,0, 0
20100128083940R:A 510,0  8,  00000181, 1, 0, 3, 0
20100128083949R:A 510,0  8,  00000181, 9, 0, 3, 0
20100128083950R:A 510,0  8,  00001197,10, 0, 4, 0
20100128084036R:A 510,0  8,  00000033,10, 0, 4, 0
20100128084109R:A 510,0  8,  00000042,10, 0, 4, 0
20100128084204R:A 510,0  8,  00001101,10, 0, 4, 0
20100128084217R:A 510,0  8,  00001281,10, 0, 4, 0
20100128084258S:A0503,0008,  00001119,01,00
20100128084302R:A 504,0  8,  00001119, 0, 0
20100128084302R:A 503,0  8,  00001194, 0, 0
20100128084304R:A 510,0  8,  00001113,10, 0, 3, 0
20100128084349R:A 510,0  8,  00001131,10, 0, 3, 0
20100128084422S:A0503,0008,  00001194,01,00
20100128084426R:A 504,0  8,  00001194, 0, 0
20100128084426R:A 503,0  8,  00000188, 0, 0
20100128084446R:A 510,0  8,  00000028,10, 0, 2, 0
20100128084533R:A 510,0  8,  00001041,10, 0, 2, 0
20100128084833R:A 510,0  8,  00001001,10, 0, 2, 0
20100128085005S:A0503,0008,  00000188,01,00
20100128085008R:A 504,0  8,  00000188, 0, 0
20100128085008R:A 503,0  8,  00000181, 0, 0
20100128085122R:A 510,0  8,  00001109,10, 0, 1, 0
20100128085137S:A0500,0008,  00001251,1,00,00
20100128085141R:A 501,0  8,  00001251,0, 0
20100128085141R:A 510,0  8,  00001251, 1, 0, 1, 0
20100128085150R:A 510,0  8,  00001251, 9, 0, 1, 0
20100128085154R:A 510,0  8,  00001029,10, 0, 2, 0
20100128085231R:A 510,0  8,  00000154,10, 0, 2, 0
20100128085347R:A 510,0  8,  00000065,10, 0, 2, 0
20100128085407R:A 510,0  8,  00000165,10, 0, 2, 0
20100128085452R:A 510,0  8,  00000054,10, 0, 2, 0
20100128085541R:A 510,0  8,  00001047,10, 0, 2, 0
20100128085622R:A 510,0  8,  00001022,10, 0, 2, 0
20100128090312R:A 510,0  8,  00001121,10, 0, 2, 0
20100128090415R:A 510,0  8,  00000186,10, 0, 2, 0
20100128090431R:A 510,0  8,  00000156,10, 0, 2, 0
20100128090507R:A 510,0  8,  00000124,10, 0, 2, 0
20100128090521R:A 510,0  8,  00000108,10, 0, 2, 0
20100128090546R:A 510,0  8,  00000134,10, 0, 2, 0
20100128090555R:A 510,0  8,  00001300,10, 0, 2, 0
20100128090622R:A 510,0  8,  00001252,10, 0, 2, 0
20100128090630R:A 510,0  8,  00001148,10, 0, 2, 0
20100128090658R:A 510,0  8,  00001046,10, 0, 2, 0
20100128090748S:A0500,0008,  00001288,1,00,00
20100128090752R:A 501,0  8,  00001288,0, 0
20100128090753R:A 510,0  8,  00001288, 1, 0, 2, 0
20100128090802R:A 510,0  8,  00001288, 9, 0, 2, 0
20100128090829R:A 510,0  8,  00000073,10, 0, 3, 0
20100128091024R:A 510,0  8,  00001296,10, 0, 3, 0
20100128091105R:A 510,0  8,  00001141,10, 0, 3, 0
20100128091127S:A0503,0008,  00000181,01,00
20100128091130R:A 504,0  8,  00000181, 0, 0
20100128091130R:A 503,0  8,  00001251, 0, 0
20100128091207R:A 510,0  8,  00000089,10, 0, 2, 0
20100128091249R:A 510,0  8,  00000172,10, 0, 2, 0
20100128091259R:A 510,0  8,  00001112,10, 0, 2, 0
20100128091316R:A 510,0  8,  00000164,10, 0, 2, 0
20100128091358R:A 510,0  8,  00000020,10, 0, 2, 0
20100128091510R:A 510,0  8,  00000082,10, 0, 2, 0
20100128091557R:A 510,0  8,  00001198,10, 0, 2, 0
20100128091634R:A 510,0  8,  00000032,10, 0, 2, 0
20100128091704R:A 510,0  8,  00001034,10, 0, 2, 0
20100128091818R:A 510,0  8,  00000194,10, 0, 2, 0
20100128091827R:A 510,0  8,  00001015,10, 0, 2, 0
20100128091907R:A 510,0  8,  00000195,10, 0, 2, 0
20100128091954R:A 510,0  8,  00001139,10, 0, 2, 0
20100128092040R:A 510,0  8,  00001293,10, 0, 2, 0
20100128092041S:A0503,0008,  00001251,01,00
20100128092051R:A 504,0  8,  00001251, 0, 0
20100128092051R:A 503,0  8,  00001288, 0, 0
20100128092053R:A 510,0  8,  00000137,10, 0, 1, 0
20100128092127R:A 510,0  8,  00001193,10, 0, 1, 0
20100128092224R:A 510,0  8,  00001284,10, 0, 1, 0
20100128092235R:A 510,0  8,  00001147,10, 0, 1, 0
20100128092311R:A 510,0  8,  00001289,10, 0, 1, 0
20100128092400R:A 510,0  8,  00000087,10, 0, 1, 0
20100128092446R:A 510,0  8,  00001222,10, 0, 1, 0
20100128092520R:A 510,0  8,  00000034,10, 0, 1, 0
20100128092633R:A 510,0  8,  00000128,10, 0, 1, 0
20100128092701S:A0500,0008,  00001275,1,00,00
20100128092707R:A 510,0  8,  00000121,10, 0, 1, 0
20100128092715R:A 501,0  8,  00001275,0, 0
20100128092715R:A 510,0  8,  00001275, 1, 0, 1, 0
20100128092724R:A 510,0  8,  00001275, 9, 0, 1, 0
20100128092814R:A 510,0  8,  00000138,10, 0, 2, 0
20100128092822R:A 510,0  8,  00001262,10, 0, 2, 0
20100128092841R:A 510,0  8,  00001103,10, 0, 2, 0
20100128092943S:A0500,0008,  00000029,1,00,00
20100128092947R:A 501,0  8,  00000029,0, 0
20100128092947R:A 510,0  8,  00000029, 1, 0, 2, 0
20100128092956R:A 510,0  8,  00000029, 9, 0, 2, 0
20100128093114R:A 510,0  8,  00001020,10, 0, 3, 0
20100128093323R:A 510,0  8,  00001030,10, 0, 3, 0
20100128093331R:A 510,0  8,  00001298,10, 0, 3, 0
20100128093339R:A 510,0  8,  00001048,10, 0, 3, 0
20100128093449S:A0500,0008,  00001200,1,00,00
20100128093453R:A 501,0  8,  00001200,0, 0
20100128093453R:A 510,0  8,  00001200, 1, 0, 3, 0
20100128093502R:A 510,0  8,  00001200, 9, 0, 3, 0
20100128093654S:A0503,0008,  00001288,01,00
20100128093657R:A 504,0  8,  00001288, 0, 0
20100128093657R:A 503,0  8,  00001275, 0, 0
20100128093758R:A 510,0  8,  00001133,10, 0, 3, 0
20100128093900R:A 510,0  8,  00000116,10, 0, 3, 0
20100128093942R:A 510,0  8,  00000158,10, 0, 3, 0
20100128094257R:A 510,0  8,  00000107,10, 0, 3, 0
20100128094442R:A 510,0  8,  00001282,10, 0, 3, 0
20100128094703R:A 510,0  8,  00000162,10, 0, 3, 0
20100128094931S:A0500,0008,  00001196,1,00,00
20100128094935R:A 501,0  8,  00001196,0, 0
20100128094935R:A 510,0  8,  00001196, 1, 0, 3, 0
20100128094944R:A 510,0  8,  00001196, 9, 0, 3, 0
20100128095028R:A 510,0  8,  00001005,10, 0, 4, 0
20100128095236R:A 510,0  8,  00001019,10, 0, 4, 0
20100128095258R:A 510,0  8,  00000130,10, 0, 4, 0
20100128095322R:A 510,0  8,  00001283,10, 0, 4, 0
20100128095606S:A0503,0008,  00001275,01,00
20100128095609R:A 504,0  8,  00001275, 0, 0
20100128095609R:A 503,0  8,  00000029, 0, 0
20100128095848S:A0503,0008,  00000029,01,00
20100128095851R:A 504,0  8,  00000029, 0, 0
20100128095851R:A 503,0  8,  00001200, 0, 0
20100128095924R:A 510,0  8,  00000086,10, 0, 2, 0
20100128100146R:A 510,0  8,  00000026,10, 0, 2, 0
20100128100220R:A 510,0  8,  00001153,10, 0, 2, 0
20100128100254R:A 510,0  8,  00001274,10, 0, 2, 0
20100128100320S:A0500,0008,  00001218,1,00,00
20100128100324R:A 501,0  8,  00001218,0, 0
20100128100324R:A 510,0  8,  00001218, 1, 0, 2, 0
20100128100333R:A 510,0  8,  00001218, 9, 0, 2, 0
20100128100343R:A 510,0  8,  00000095,10, 0, 3, 0
20100128100354S:A0503,0008,  00001200,01,00
20100128100357R:A 504,0  8,  00001200, 0, 0
20100128100357R:A 503,0  8,  00001196, 0, 0
20100128100740R:A 510,0  8,  00001017,10, 0, 2, 0
20100128101148R:A 510,0  8,  00000115,10, 0, 2, 0
20100128101836S:A0503,0008,  00001196,01,00
20100128101838S:A0500,0008,  00001192,1,00,00
20100128101840R:A 504,0  8,  00001196, 0, 0
20100128101840R:A 503,0  8,  00001218, 0, 0
20100128101842R:A 501,0  8,  00001192,0, 0
20100128101842R:A 510,0  8,  00001192, 1, 0, 1, 0
20100128101851R:A 510,0  8,  00001192, 9, 0, 1, 0
20100128101902R:A 510,0  8,  00000053,10, 0, 2, 0
20100128102040R:A 510,0  8,  00001292,10, 0, 2, 0
20100128102215R:A 510,0  8,  00000104,10, 0, 2, 0
20100128102859R:A 510,0  8,  00000011,10, 0, 2, 0
20100128102933R:A 510,0  8,  00000103,10, 0, 2, 0
20100128103131S:A0503,0008,  00001218,01,00
20100128103134R:A 504,0  8,  00001218, 0, 0
20100128103134R:A 503,0  8,  00001192, 0, 0
20100128103143R:A 510,0  8,  00000010,10, 0, 1, 0
20100128103247R:A 510,0  8,  00001021,10, 0, 1, 0
20100128103417R:A 510,0  8,  00000159,10, 0, 1, 0
20100128103520R:A 510,0  8,  00001225,10, 0, 1, 0
20100128103551S:A0500,0008,  00001195,1,00,00
20100128103606R:A 510,0  8,  00001158,10, 0, 1, 0
20100128103615R:A 501,0  8,  00001195,0, 0
20100128103615R:A 510,0  8,  00001195, 1, 0, 1, 0
20100128103624R:A 510,0  8,  00001195, 9, 0, 1, 0
20100128103634R:A 510,0  8,  00000096,10, 0, 2, 0
20100128103723R:A 510,0  8,  00000197,10, 0, 2, 0
20100128103747R:A 510,0  8,  00001018,10, 0, 2, 0
20100128103939R:A 510,0  8,  00001045,10, 0, 2, 0
20100128103956S:A0500,0008,  00000066,1,00,00
20100128104009R:A 501,0  8,  00000066,0, 0
20100128104009R:A 510,0  8,  00000066, 1, 0, 2, 0
20100128104018R:A 510,0  8,  00000066, 9, 0, 2, 0
20100128104019R:A 510,0  8,  00001043,10, 0, 3, 0
20100128104039R:A 510,0  8,  00001115,10, 0, 3, 0
20100128104128R:A 510,0  8,  00001171,10, 0, 3, 0
20100128104216R:A 510,0  8,  00001049,10, 0, 3, 0
20100128104300R:A 510,0  8,  00001276,10, 0, 3, 0
20100128104344R:A 510,0  8,  00000091,10, 0, 3, 0
20100128104431R:A 510,0  8,  00001006,10, 0, 3, 0
20100128104439R:A 510,0  8,  00001188,10, 0, 3, 0
20100128104517R:A 510,0  8,  00000173,10, 0, 3, 0
20100128104541R:A 510,0  8,  00000023,10, 0, 3, 0
20100128104600R:A 510,0  8,  00001263,10, 0, 3, 0
20100128104644R:A 510,0  8,  00000111,10, 0, 3, 0
20100128104733S:A0500,0008,  00000063,1,00,00
20100128104747S:A0503,0008,  00001192,01,00
20100128104750R:A 504,0  8,  00001192, 0, 0
20100128104750R:A 503,0  8,  00001195, 0, 0
20100128104752R:A 501,0  8,  00000063,0, 0
20100128104752R:A 510,0  8,  00000063, 1, 0, 2, 0
20100128104801R:A 510,0  8,  00000063, 9, 0, 2, 0
20100128104839S:A0500,0008,  00001035,1,00,00
20100128104843R:A 501,0  8,  00001035,0, 0
20100128104843R:A 510,0  8,  00001035, 1, 0, 3, 0
20100128104852R:A 510,0  8,  00001035, 9, 0, 3, 0
20100128104901R:A 510,0  8,  00001257,10, 0, 4, 0
20100128104954R:A 510,0  8,  00000179,10, 0, 4, 0
20100128105214R:A 510,0  8,  00000148,10, 0, 4, 0
20100128105300R:A 510,0  8,  00001269,10, 0, 4, 0
20100128105354R:A 510,0  8,  00000166,10, 0, 4, 0
20100128105532R:A 510,0  8,  00001162,10, 0, 4, 0
20100128105627S:A0500,0008,  00000193,1,00,00
20100128105632R:A 510,0  8,  00000077,10, 0, 4, 0
20100128105640R:A 501,0  8,  00000193,0, 0
20100128105640R:A 510,0  8,  00000193, 1, 0, 4, 0
20100128105649R:A 510,0  8,  00000193, 9, 0, 4, 0
20100128110241R:A 510,0  8,  00000036,10, 0, 5, 0
20100128110458S:A0503,0008,  00001195,01,00
20100128110501R:A 504,0  8,  00001195, 0, 0
20100128110501R:A 503,0  8,  00000066, 0, 0
20100128110552R:A 510,0  8,  00001253,10, 0, 4, 0
20100128110726R:A 510,0  8,  00001220,10, 0, 4, 0
20100128110827S:A0500,0008,  00001221,1,00,00
20100128110831R:A 501,0  8,  00001221,0, 0
20100128110831R:A 510,0  8,  00001221, 1, 0, 4, 0
20100128110840R:A 510,0  8,  00001221, 9, 0, 4, 0
20100128110903S:A0503,0008,  00000066,01,00
20100128110907R:A 504,0  8,  00000066, 0, 0
20100128110907R:A 503,0  8,  00000063, 0, 0
20100128111446R:A 510,0  8,  00000198,10, 0, 4, 0
20100128111526R:A 510,0  8,  00001206,10, 0, 4, 0
20100128111544R:A 510,0  8,  00001161,10, 0, 4, 0
20100128111603R:A 510,0  8,  00000041,10, 0, 4, 0
20100128111640S:A0503,0008,  00000063,01,00
20100128111643R:A 504,0  8,  00000063, 0, 0
20100128111643R:A 503,0  8,  00001035, 0, 0
20100128111652S:A0500,0008,  00001291,1,00,00
20100128111656R:A 501,0  8,  00001291,0, 0
20100128111656R:A 510,0  8,  00001291, 1, 0, 3, 0
20100128111705R:A 510,0  8,  00001291, 9, 0, 3, 0
20100128111730R:A 510,0  8,  00001182,10, 0, 4, 0
20100128111747S:A0503,0008,  00001035,01,00
20100128111752R:A 504,0  8,  00001035, 0, 0
20100128111752R:A 503,0  8,  00000193, 0, 0
20100128112420S:A0503,0008,  00000193,01,00
20100128112423R:A 504,0  8,  00000193, 0, 0
20100128112423R:A 503,0  8,  00001221, 0, 0
20100128112651R:A 510,0  8,  00001285,10, 0, 2, 0
20100128112728R:A 510,0  8,  00000196,10, 0, 2, 0
20100128112803R:A 510,0  8,  00000183,10, 0, 2, 0
20100128112856R:A 510,0  8,  00001256,10, 0, 2, 0
20100128113105R:A 510,0  8,  00001294,10, 0, 2, 0
20100128113524R:A 510,0  8,  00001111,10, 0, 2, 0
20100128113609R:A 510,0  8,  00000042,10, 0, 2, 0
20100128113732S:A0503,0008,  00001221,01,00
20100128113734S:A0500,0008,  00000052,1,00,00
20100128113735R:A 504,0  8,  00001221, 0, 0
20100128113735R:A 503,0  8,  00001291, 0, 0
20100128113739R:A 510,0  8,  00001016,10, 0, 1, 0
20100128113747R:A 501,0  8,  00000052,0, 0
20100128113747R:A 510,0  8,  00000052, 1, 0, 1, 0
20100128113756R:A 510,0  8,  00000052, 9, 0, 1, 0
20100128114144R:A 510,0  8,  00001300,10, 0, 2, 0
20100128114316S:A0500,0008,  00000049,1,00,00
20100128114320R:A 501,0  8,  00000049,0, 0
20100128114320R:A 510,0  8,  00000049, 1, 0, 2, 0
20100128114329R:A 510,0  8,  00000049, 9, 0, 2, 0
20100128114520S:A0503,0008,  00001291,01,00
20100128114523R:A 504,0  8,  00001291, 0, 0
20100128114523R:A 503,0  8,  00000052, 0, 0
20100128114724R:A 510,0  8,  00000134,10, 0, 2, 0
20100128114827R:A 510,0  8,  00001041,10, 0, 2, 0
20100128115058R:A 510,0  8,  00000078,10, 0, 2, 0
20100128115216S:A0500,0008,  00000035,1,00,00
20100128115220R:A 510,0  8,  00001281,10, 0, 2, 0
20100128115228R:A 501,0  8,  00000035,0, 0
20100128115228R:A 510,0  8,  00000035, 1, 0, 2, 0
20100128115237R:A 510,0  8,  00000035, 9, 0, 2, 0
20100128120104R:A 510,0  8,  00001255,10, 0, 3, 0
20100128120211R:A 510,0  8,  00000182,10, 0, 3, 0
20100128120246R:A 510,0  8,  00000001,10, 0, 3, 0
20100128120309R:A 510,0  8,  00001131,10, 0, 3, 0
20100128120402R:A 510,0  8,  00001031,10, 0, 3, 0
20100128120441R:A 510,0  8,  00000125,10, 0, 3, 0
20100128120504R:A 510,0  8,  00000142,10, 0, 3, 0
20100128120639S:A0503,0008,  00000052,01,00
20100128120642R:A 504,0  8,  00000052, 0, 0
20100128120642R:A 503,0  8,  00000049, 0, 0
20100128120901R:A 510,0  8,  00000131,10, 0, 2, 0
20100128121107R:A 510,0  8,  00001003,10, 0, 2, 0
20100128121143R:A 510,0  8,  00000124,10, 0, 2, 0
20100128121207R:A 510,0  8,  00001277,10, 0, 2, 0
20100128121221S:A0503,0008,  00000049,01,00
20100128121224R:A 504,0  8,  00000049, 0, 0
20100128121224R:A 503,0  8,  00000035, 0, 0
20100128121241S:A0500,0008,  00000155,1,00,00
20100128121245R:A 501,0  8,  00000155,0, 0
20100128121245R:A 510,0  8,  00000155, 1, 0, 1, 0
20100128121254R:A 510,0  8,  00000155, 9, 0, 1, 0
20100128121304R:A 510,0  8,  00001268,10, 0, 2, 0
20100128122121S:A0503,0008,  00000035,01,00
20100128122124R:A 504,0  8,  00000035, 0, 0
20100128122124R:A 503,0  8,  00000155, 0, 0
20100128122134R:A 510,0  8,  00001102,10, 0, 1, 0
20100128122203R:A 510,0  8,  00001258,10, 0, 1, 0
20100128122237R:A 510,0  8,  00000135,10, 0, 1, 0
20100128122309R:A 510,0  8,  00000132,10, 0, 1, 0
20100128122335S:A0500,0008,  00000090,1,00,00
20100128122352R:A 501,0  8,  00000090,0, 0
20100128122352R:A 510,0  8,  00000090, 1, 0, 1, 0
20100128122401R:A 510,0  8,  00000090, 9, 0, 1, 0
20100128122459S:A0500,0008,  00001032,1,00,00
20100128122503R:A 501,0  8,  00001032,0, 0
20100128122503R:A 510,0  8,  00001032, 1, 0, 2, 0
20100128122512R:A 510,0  8,  00001032, 9, 0, 2, 0
20100128122553R:A 510,0  8,  00001119,10, 0, 3, 0
20100128122616R:A 510,0  8,  00001223,10, 0, 3, 0
20100128122710R:A 510,0  8,  00000005,10, 0, 3, 0
20100128122958R:A 510,0  8,  00000007,10, 0, 3, 0
20100128123022R:A 510,0  8,  00001272,10, 0, 3, 0
20100128123111R:A 510,0  8,  00000092,10, 0, 3, 0
20100128123905S:A0500,0008,  00001106,1,00,00
20100128123909R:A 501,0  8,  00001106,0, 0
20100128123909R:A 510,0  8,  00001106, 1, 0, 3, 0
20100128123918R:A 510,0  8,  00001106, 9, 0, 3, 0
20100128124145S:A0503,0008,  00000155,01,00
20100128124149R:A 504,0  8,  00000155, 0, 0
20100128124149R:A 503,0  8,  00000090, 0, 0
20100128124153R:A 510,0  8,  00001278,10, 0, 3, 0
20100128124428R:A 510,0  8,  00001224,10, 0, 3, 0
20100128124510R:A 510,0  8,  00000098,10, 0, 3, 0
20100128124523S:A0500,0008,  00001270,1,00,00
20100128124527R:A 501,0  8,  00001270,0, 0
20100128124527R:A 510,0  8,  00001270, 1, 0, 3, 0
20100128124536R:A 510,0  8,  00001270, 9, 0, 3, 0
20100128124841R:A 510,0  8,  00001145,10, 0, 4, 0
20100128124916R:A 510,0  8,  00001271,10, 0, 4, 0
20100128125037R:A 510,0  8,  00000114,10, 0, 4, 0
20100128125115R:A 510,0  8,  00000067,10, 0, 4, 0
20100128125146R:A 510,0  8,  00001170,10, 0, 4, 0
20100128125204S:A0503,0008,  00000090,01,00
20100128125208R:A 504,0  8,  00000090, 0, 0
20100128125208R:A 503,0  8,  00001032, 0, 0
20100128125404S:A0503,0008,  00001032,01,00
20100128125407R:A 504,0  8,  00001032, 0, 0
20100128125407R:A 503,0  8,  00001106, 0, 0
20100128125705R:A 510,0  8,  00000169,10, 0, 2, 0
20100128125835S:A0500,0008,  00000093,1,00,00
20100128125839R:A 501,0  8,  00000093,0, 0
20100128125839R:A 510,0  8,  00000093, 1, 0, 2, 0
20100128125848R:A 510,0  8,  00000093, 9, 0, 2, 0
20100128130007R:A 510,0  8,  00001007,10, 0, 3, 0
20100128130105R:A 510,0  8,  00000167,10, 0, 3, 0
20100128130317R:A 510,0  8,  00001159,10, 0, 3, 0
20100128130351R:A 510,0  8,  00001149,10, 0, 3, 0
20100128130421R:A 510,0  8,  00001297,10, 0, 3, 0
20100128130810S:A0503,0008,  00001106,01,00
20100128130813R:A 504,0  8,  00001106, 0, 0
20100128130813R:A 503,0  8,  00001270, 0, 0
20100128130852R:A 510,0  8,  00001122,10, 0, 2, 0
20100128130939S:A0500,0008,  00000056,1,00,00
20100128130956R:A 501,0  8,  00000056,0, 0
20100128130956R:A 510,0  8,  00000056, 1, 0, 2, 0
20100128131005R:A 510,0  8,  00000056, 9, 0, 2, 0
20100128131428S:A0503,0008,  00001270,01,00
20100128131431R:A 504,0  8,  00001270, 0, 0
20100128131431R:A 503,0  8,  00000093, 0, 0
20100128131835R:A 510,0  8,  00000075,10, 0, 2, 0
20100128131912R:A 510,0  8,  00001217,10, 0, 2, 0
20100128131918S:A0500,0008,  00000014,1,00,00
20100128131922R:A 501,0  8,  00000014,0, 0
20100128131922R:A 510,0  8,  00000014, 1, 0, 2, 0
20100128131931R:A 510,0  8,  00000014, 9, 0, 2, 0
20100128131951R:A 510,0  8,  00000071,10, 0, 3, 0
20100128131959R:A 510,0  8,  00001036,10, 0, 3, 0
20100128132028R:A 510,0  8,  00000024,10, 0, 3, 0
20100128132142S:A0500,0008,  00001152,1,00,00
20100128132146R:A 501,0  8,  00001152,0, 0
20100128132146R:A 510,0  8,  00001152, 1, 0, 3, 0
20100128132155R:A 510,0  8,  00001152, 9, 0, 3, 0
20100128132740S:A0503,0008,  00000093,01,00
20100128132743R:A 504,0  8,  00000093, 0, 0
20100128132744R:A 503,0  8,  00000056, 0, 0
20100128132748R:A 510,0  8,  00000161,10, 0, 3, 0
20100128132935R:A 510,0  8,  00000119,10, 0, 3, 0
20100128133429R:A 510,0  8,  00000106,10, 0, 3, 0
20100128133606S:A0500,0008,  00001280,1,00,00
20100128133610R:A 501,0  8,  00001280,0, 0
20100128133610R:A 510,0  8,  00001280, 1, 0, 3, 0
20100128133619R:A 510,0  8,  00001280, 9, 0, 3, 0
20100128133716R:A 510,0  8,  00000017,10, 0, 4, 0
20100128133835S:A0503,0008,  00000056,01,00
20100128133839R:A 504,0  8,  00000056, 0, 0
20100128133839R:A 503,0  8,  00000014, 0, 0
20100128134417R:A 510,0  8,  00000118,10, 0, 3, 0
20100128134524S:A0500,0008,  00001027,1,00,00
20100128134528R:A 501,0  8,  00001027,0, 0
20100128134528R:A 510,0  8,  00001027, 1, 0, 3, 0
20100128134537R:A 510,0  8,  00001027, 9, 0, 3, 0
20100128134823S:A0503,0008,  00000014,01,00
20100128134826R:A 504,0  8,  00000014, 0, 0
20100128134826R:A 503,0  8,  00001152, 0, 0
20100128135013S:A0503,0008,  00001152,01,00
20100128135016R:A 504,0  8,  00001152, 0, 0
20100128135016R:A 503,0  8,  00001280, 0, 0
20100128135243R:A 510,0  8,  00000059,10, 0, 2, 0
20100128135328R:A 510,0  8,  00000177,10, 0, 2, 0
20100128135425S:A0500,0008,  00000147,1,00,00
20100128135429R:A 501,0  8,  00000147,0, 0
20100128135429R:A 510,0  8,  00000147, 1, 0, 2, 0
20100128135438R:A 510,0  8,  00000147, 9, 0, 2, 0
20100128135617R:A 510,0  8,  00001254,10, 0, 3, 0
20100128135707S:A0500,0008,  00001267,1,00,00
20100128135711R:A 501,0  8,  00001267,0, 0
20100128135711R:A 510,0  8,  00001267, 1, 0, 3, 0
20100128135720R:A 510,0  8,  00001267, 9, 0, 3, 0
20100128140417S:A0503,0008,  00001280,01,00
20100128140420R:A 504,0  8,  00001280, 0, 0
20100128140420R:A 503,0  8,  00001027, 0, 0
20100128140927R:A 510,0  8,  00000081,10, 0, 3, 0
20100128141429S:A0503,0008,  00001027,01,00
20100128141432R:A 504,0  8,  00001027, 0, 0
20100128141433R:A 503,0  8,  00000147, 0, 0
20100128142329S:A0503,0008,  00000147,01,00
20100128142333R:A 504,0  8,  00000147, 0, 0
20100128142333R:A 503,0  8,  00001267, 0, 0
20100128142611S:A0503,0008,  00001267,01,00
20100128142615R:A 504,0  8,  00001267, 0, 0
20100128142615R:I 503,0  8,0100, 0, 0, 0, 0
20100128142626R:I 503,0  8,0101, 0, 0, 0, 0
20100128142628R:A 510,0  8,  00000123,10, 0, 0, 0
20100128142634R:I 503,0  8,0100, 0, 0, 0, 0
20100128142712R:I 503,0  8,0101, 0, 0, 0, 0
20100128142714R:A 510,0  8,  00000163,10, 0, 0, 0
20100128142720R:I 503,0  8,0100, 0, 0, 0, 0
20100128142819S:A0500,0008,  00000127,1,00,00
20100128142819R:I 503,0  8,0101, 0, 0, 0, 0
20100128142823R:A 501,0  8,  00000127,0, 0
20100128142823R:A 510,0  8,  00000127, 1, 0, 0, 0
20100128142832R:A 510,0  8,  00000127, 9, 0, 0, 0
20100128142837R:A 503,0  8,  00000127, 0, 0
20100128143832R:A 510,0  8,  00001299,10, 0, 1, 0
20100128143913R:A 510,0  8,  00000122,10, 0, 1, 0
20100128144019S:A0500,0008,  00001286,1,00,00
20100128144023R:A 501,0  8,  00001286,0, 0
20100128144024R:A 510,0  8,  00001286, 1, 0, 1, 0
20100128144032R:A 510,0  8,  00001286, 9, 0, 1, 0
20100128144213R:A 510,0  8,  00000141,10, 0, 2, 0
20100128144355S:A0500,0008,  00000079,1,00,00
20100128144359R:A 501,0  8,  00000079,0, 0
20100128144359R:A 510,0  8,  00000079, 1, 0, 2, 0
20100128144408R:A 510,0  8,  00000079, 9, 0, 2, 0
20100128145118R:A 510,0  8,  00000097,10, 0, 3, 0
20100128145202S:A0500,0008,  00001042,1,00,00
20100128145206R:A 501,0  8,  00001042,0, 0
20100128145206R:A 510,0  8,  00001042, 1, 0, 3, 0
20100128145215R:A 510,0  8,  00001042, 9, 0, 3, 0
20100128145648S:A0503,0008,  00000127,01,00
20100128145651R:A 504,0  8,  00000127, 0, 0
20100128145651R:A 503,0  8,  00001286, 0, 0
20100128150924S:A0503,0008,  00001286,01,00
20100128150928R:A 504,0  8,  00001286, 0, 0
20100128150928R:A 503,0  8,  00000079, 0, 0
20100128151240R:A 510,0  8,  00001136,10, 0, 2, 0
20100128151300S:A0503,0008,  00000079,01,00
20100128151304R:A 504,0  8,  00000079, 0, 0
20100128151304R:A 503,0  8,  00001042, 0, 0
20100128151320R:A 510,0  8,  00000168,10, 0, 1, 0
20100128151450S:A0500,0008,  00001266,1,00,00
20100128151454R:A 501,0  8,  00001266,0, 0
20100128151454R:A 510,0  8,  00001266, 1, 0, 1, 0
20100128151503R:A 510,0  8,  00001266, 9, 0, 1, 0
20100128151547R:A 510,0  8,  00000192,10, 0, 2, 0
20100128152107S:A0503,0008,  00001042,01,00
20100128152110R:A 504,0  8,  00001042, 0, 0
20100128152110R:A 503,0  8,  00001266, 0, 0
20100128152222R:A 510,0  8,  00001260,10, 0, 1, 0
20100128152255R:A 510,0  8,  00001030,10, 0, 1, 0
20100128152426S:A0500,0008,  00001177,1,00,00
20100128152430R:A 501,0  8,  00001177,0, 0
20100128152430R:A 510,0  8,  00001177, 1, 0, 1, 0
20100128152439R:A 510,0  8,  00001177, 9, 0, 1, 0
20100128153428R:A 510,0  8,  00000100,10, 0, 2, 0
20100128153504R:A 510,0  8,  00001295,10, 0, 2, 0
20100128153533S:A0500,0008,  00000128,1,00,00
20100128153537R:A 501,0  8,  00000128,0, 0
20100128153537R:A 510,0  8,  00000128, 1, 0, 2, 0
20100128153546R:A 510,0  8,  00000128, 9, 0, 2, 0
20100128154319S:A0503,0008,  00001266,01,00
20100128154322R:A 504,0  8,  00001266, 0, 0
20100128154322R:A 503,0  8,  00001177, 0, 0
20100128154656R:A 510,0  8,  00001158,10, 0, 2, 0
20100128155331S:A0503,0008,  00001177,01,00
20100128155334R:A 504,0  8,  00001177, 0, 0
20100128155334R:A 503,0  8,  00000128, 0, 0
20100128155508R:A 510,0  8,  00001021,10, 0, 1, 0
20100128160437S:A0503,0008,  00000128,01,00
20100128160441R:A 504,0  8,  00000128, 0, 0
20100128160441R:I 503,0  8,0100, 0, 0, 0, 0
