20100128072907R:A0401,0010,  00000148,0,00
20100128072907S:A0402,0010,  00000148,1,00,00
20100128072915R:A0404,0010,  00000148,00,00
20100128072919R:A0401,0010,  00000125,0,00
20100128072919S:A0402,0010,  00000125,0,00,00
20100128072925R:A0404,0010,  00000125,00,00
20100128073001R:A0401,0010,  00000179,0,00
20100128073001S:A0402,0010,  00000179,1,00,00
20100128073009R:A0404,0010,  00000179,00,00
20100128073014R:A0401,0010,  00001268,0,00
20100128073014S:A0402,0010,  00001268,0,00,00
20100128073020R:A0404,0010,  00001268,00,00
20100128073035R:A0401,0010,  00000193,0,00
20100128073036S:A0402,0010,  00000193,1,00,00
20100128073044R:A0404,0010,  00000193,00,00
20100128073048R:A0401,0010,  00000007,0,00
20100128073049S:A0402,0010,  00000007,0,00,00
20100128073054R:A0404,0010,  00000007,00,00
20100128073125R:A0401,0010,  00000091,0,00
20100128073125S:A0402,0010,  00000091,1,00,00
20100128073133R:A0404,0010,  00000091,00,00
20100128073137R:A0401,0010,  00001272,0,00
20100128073137S:A0402,0010,  00001272,0,00,00
20100128073142R:A0404,0010,  00001272,00,00
20100128073214R:A0401,0010,  00001152,0,00
20100128073214S:A0402,0010,  00001152,1,00,00
20100128073222R:A0404,0010,  00001152,00,00
20100128073226R:A0401,0010,  00000183,0,00
20100128073226S:A0402,0010,  00000183,0,00,00
20100128073232R:A0404,0010,  00000183,00,00
20100128073301R:A0401,0010,  00000155,0,00
20100128073301S:A0402,0010,  00000155,0,00,00
20100128073307R:A0404,0010,  00000155,00,00
20100128073313R:A0401,0010,  00001217,0,00
20100128073313S:A0402,0010,  00001217,1,00,00
20100128073321R:A0404,0010,  00001217,00,00
20100128073355R:A0401,0010,  00001270,0,00
20100128073355S:A0402,0010,  00001270,1,00,00
20100128073403R:A0404,0010,  00001270,00,00
20100128073407R:A0401,0010,  00001258,0,00
20100128073408S:A0402,0010,  00001258,0,00,00
20100128073413R:A0404,0010,  00001258,00,00
20100128073418R:A0401,0010,  00000098,0,00
20100128073419S:A0402,0010,  00000098,1,00,00
20100128073427R:A0404,0010,  00000098,00,00
20100128073431R:A0401,0010,  00000132,0,00
20100128073431S:A0402,0010,  00000132,0,00,00
20100128073436R:A0404,0010,  00000132,00,00
20100128073503R:A0401,0010,  00001149,0,00
20100128073503S:A0402,0010,  00001149,1,00,00
20100128073511R:A0404,0010,  00001149,00,00
20100128073515R:A0401,0010,  00001130,0,00
20100128073515S:A0402,0010,  00001130,0,00,00
20100128073521R:A0404,0010,  00001130,00,00
20100128073537R:A0401,0010,  00000092,0,00
20100128073537S:A0402,0010,  00000092,1,00,00
20100128073545R:A0404,0010,  00000092,00,00
20100128073549R:A0401,0010,  00001134,0,00
20100128073549S:A0402,0010,  00001134,0,00,00
20100128073555R:A0404,0010,  00001134,00,00
20100128075658R:A0401,0010,  00001036,0,00
20100128075658S:A0402,0010,  00001036,1,00,00
20100128075707R:A0404,0010,  00001036,00,00
20100128075712R:A0401,0010,  00001219,0,00
20100128075712S:A0402,0010,  00001219,0,00,00
20100128075717R:A0404,0010,  00001219,00,00
20100128075733R:A0401,0010,  00000071,0,00
20100128075733S:A0402,0010,  00000071,1,00,00
20100128075741R:A0404,0010,  00000071,00,00
20100128075746R:A0401,0010,  00000090,0,00
20100128075746S:A0402,0010,  00000090,0,00,00
20100128075752R:A0404,0010,  00000090,00,00
20100128075805R:A0401,0010,  00000014,0,00
20100128075805S:A0402,0010,  00000014,1,00,00
20100128075813R:A0404,0010,  00000014,00,00
20100128075818R:A0401,0010,  00000094,0,00
20100128075818S:A0402,0010,  00000094,0,00,00
20100128075824R:A0404,0010,  00000094,00,00
20100128075837R:A0401,0010,  00001132,0,00
20100128075837S:A0402,0010,  00001132,1,00,00
20100128075845R:A0404,0010,  00001132,00,00
20100128075850R:A0401,0010,  00001003,0,00
20100128075850S:A0402,0010,  00001003,0,00,00
20100128075856R:A0404,0010,  00001003,00,00
20100128080010R:A0401,0010,  00001031,0,00
20100128080011S:A0402,0010,  00001031,1,00,00
20100128080019R:A0404,0010,  00001031,00,00
20100128080024R:A0401,0010,  00001032,0,00
20100128080024S:A0402,0010,  00001032,0,00,00
20100128080029R:A0404,0010,  00001032,00,00
20100128080741R:A0401,0010,  00001129,0,00
20100128080741S:A0402,0010,  00001129,1,00,00
20100128080749R:A0404,0010,  00001129,00,00
20100128080754R:A0401,0010,  00001206,0,00
20100128080754S:A0402,0010,  00001206,0,00,00
20100128080800R:A0404,0010,  00001206,00,00
20100128080820R:A0401,0010,  00001182,0,00
20100128080820S:A0402,0010,  00001182,0,00,00
20100128080825R:A0404,0010,  00001182,00,00
20100128080831R:A0401,0010,  00001184,0,00
20100128080831S:A0402,0010,  00001184,1,00,00
20100128080839R:A0404,0010,  00001184,00,00
20100128080843R:A0401,0010,  00001186,0,00
20100128080843S:A0402,0010,  00001186,0,00,00
20100128080849R:A0404,0010,  00001186,00,00
20100128081047R:A0401,0010,  00001265,0,00
20100128081047S:A0402,0010,  00001265,1,00,00
20100128081055R:A0404,0010,  00001265,00,00
20100128081100R:A0401,0010,  00001119,0,00
20100128081100S:A0402,0010,  00001119,0,00,00
20100128081106R:A0404,0010,  00001119,00,00
20100128081141R:A0401,0010,  00000083,0,00
20100128081141S:A0402,0010,  00000083,1,00,00
20100128081149R:A0404,0010,  00000083,00,00
20100128081154R:A0401,0010,  00001194,0,00
20100128081154S:A0402,0010,  00001194,0,00,00
20100128081159R:A0404,0010,  00001194,00,00
20100128081222R:A0401,0010,  00000146,0,00
20100128081222S:A0402,0010,  00000146,1,00,00
20100128081230R:A0404,0010,  00000146,00,00
20100128081234R:A0401,0010,  00001033,0,00
20100128081234S:A0402,0010,  00001033,0,00,00
20100128081240R:A0404,0010,  00001033,00,00
20100128081550R:A0401,0010,  00001277,0,00
20100128081551S:A0402,0010,  00001277,0,00,00
20100128081556R:A0404,0010,  00001277,00,00
20100128081602R:A0401,0010,  00000001,0,00
20100128081602S:A0402,0010,  00000001,1,00,00
20100128081610R:A0404,0010,  00000001,00,00
20100128081614R:A0401,0010,  00000129,0,00
20100128081614S:A0402,0010,  00000129,0,00,00
20100128081620R:A0404,0010,  00000129,00,00
20100128081744R:A0401,0010,  00000198,0,00
20100128081744S:A0402,0010,  00000198,1,00,00
20100128081752R:A0404,0010,  00000198,00,00
20100128081758R:A0401,0010,  00001291,0,00
20100128081758S:A0402,0010,  00001291,0,00,00
20100128081803R:A0404,0010,  00001291,00,00
20100128081817R:A0401,0010,  00000080,0,00
20100128081817S:A0402,0010,  00000080,1,00,00
20100128081825R:A0404,0010,  00000080,00,00
20100128081830R:A0401,0010,  00000188,0,00
20100128081830S:A0402,0010,  00000188,0,00,00
20100128081836R:A0404,0010,  00000188,00,00
20100128082051R:A0401,0010,  00001278,0,00
20100128082051S:A0402,0010,  00001278,1,00,00
20100128082059R:A0404,0010,  00001278,00,00
20100128082104R:A0401,0010,  00001220,0,00
20100128082104S:A0402,0010,  00001220,0,00,00
20100128082110R:A0404,0010,  00001220,00,00
20100128082222R:A0401,0010,  00000012,0,00
20100128082222S:A0402,0010,  00000012,0,00,00
20100128082227R:A0404,0010,  00000012,00,00
20100128082233R:A0401,0010,  00000182,0,00
20100128082233S:A0402,0010,  00000182,1,00,00
20100128082241R:A0404,0010,  00000182,00,00
20100128082245R:A0401,0010,  00001273,0,00
20100128082245S:A0402,0010,  00001273,0,00,00
20100128082251R:A0404,0010,  00001273,00,00
20100128082306R:A0401,0010,  00000112,0,00
20100128082306S:A0402,0010,  00000112,1,00,00
20100128082314R:A0404,0010,  00000112,00,00
20100128082319R:A0401,0010,  00000100,0,00
20100128082319S:A0402,0010,  00000100,0,00,00
20100128082324R:A0404,0010,  00000100,00,00
20100128082748R:A0401,0010,  00000136,0,00
20100128082748S:A0402,0010,  00000136,1,00,00
20100128082756R:A0404,0010,  00000136,00,00
20100128082801R:A0401,0010,  00001260,0,00
20100128082801S:A0402,0010,  00001260,0,00,00
20100128082807R:A0404,0010,  00001260,00,00
20100128082842R:A0401,0010,  00000038,0,00
20100128082842S:A0402,0010,  00000038,1,00,00
20100128082850R:A0404,0010,  00000038,00,00
20100128082855R:A0401,0010,  00001215,0,00
20100128082855S:A0402,0010,  00001215,0,00,00
20100128082901R:A0404,0010,  00001215,00,00
20100128082928R:A0401,0010,  00000180,0,00
20100128082928S:A0402,0010,  00000180,1,00,00
20100128082936R:A0404,0010,  00000180,00,00
20100128082940R:A0401,0010,  00000142,0,00
20100128082940S:A0402,0010,  00000142,0,00,00
20100128082946R:A0404,0010,  00000142,00,00
20100128083034R:A0401,0010,  00001294,0,00
20100128083035S:A0402,0010,  00001294,1,00,00
20100128083043R:A0404,0010,  00001294,00,00
20100128083048R:A0401,0010,  00001106,0,00
20100128083048S:A0402,0010,  00001106,0,00,00
20100128083054R:A0404,0010,  00001106,00,00
20100128083121R:A0401,0010,  00000049,0,00
20100128083121S:A0402,0010,  00000049,1,00,00
20100128083129R:A0404,0010,  00000049,00,00
20100128083133R:A0401,0010,  00001102,0,00
20100128083133S:A0402,0010,  00001102,0,00,00
20100128083139R:A0404,0010,  00001102,00,00
20100128083213R:A0401,0010,  00000052,0,00
20100128083214S:A0402,0010,  00000052,1,00,00
20100128083222R:A0404,0010,  00000052,00,00
20100128083226R:A0401,0010,  00000135,0,00
20100128083226S:A0402,0010,  00000135,0,00,00
20100128083231R:A0404,0010,  00000135,00,00
20100128083259R:A0401,0010,  00001285,0,00
20100128083259S:A0402,0010,  00001285,1,00,00
20100128083307R:A0404,0010,  00001285,00,00
20100128083313R:A0401,0010,  00001116,0,00
20100128083313S:A0402,0010,  00001116,0,00,00
20100128083319R:A0404,0010,  00001116,00,00
20100128083346R:A0401,0010,  00000183,0,00
20100128083346S:A0402,0010,  00000183,1,00,00
20100128083354R:A0404,0010,  00000183,00,00
20100128083358R:A0401,0010,  00000140,0,00
20100128083358S:A0402,0010,  00000140,0,00,00
20100128083404R:A0404,0010,  00000140,00,00
20100128083438R:A0401,0010,  00001016,0,00
20100128083439S:A0402,0010,  00001016,1,00,00
20100128083447R:A0404,0010,  00001016,00,00
20100128083452R:A0401,0010,  00000035,0,00
20100128083452S:A0402,0010,  00000035,0,00,00
20100128083457R:A0404,0010,  00000035,00,00
20100128083524R:A0401,0010,  00000114,0,00
20100128083524S:A0402,0010,  00000114,1,00,00
20100128083532R:A0404,0010,  00000114,00,00
20100128083538R:A0401,0010,  00000151,0,00
20100128083538S:A0402,0010,  00000151,0,00,00
20100128083544R:A0404,0010,  00000151,00,00
20100128083558R:A0401,0010,  00000007,0,00
20100128083558S:A0402,0010,  00000007,1,00,00
20100128083606R:A0404,0010,  00000007,00,00
20100128083610R:A0401,0010,  00000078,0,00
20100128083610S:A0402,0010,  00000078,0,00,00
20100128083615R:A0404,0010,  00000078,00,00
20100128083632R:A0401,0010,  00001272,0,00
20100128083632S:A0402,0010,  00001272,1,00,00
20100128083640R:A0404,0010,  00001272,00,00
20100128083644R:A0401,0010,  00000181,0,00
20100128083645S:A0402,0010,  00000181,0,00,00
20100128083650R:A0404,0010,  00000181,00,00
20100128083801R:A0401,0010,  00001036,0,00
20100128083801S:A0402,0010,  00001036,1,00,00
20100128083809R:A0404,0010,  00001036,00,00
20100128083814R:A0401,0010,  00001197,0,00
20100128083815S:A0402,0010,  00001197,0,00,00
20100128083820R:A0404,0010,  00001197,00,00
20100128083847R:A0401,0010,  00000071,0,00
20100128083847S:A0402,0010,  00000071,1,00,00
20100128083855R:A0404,0010,  00000071,00,00
20100128083900R:A0401,0010,  00000033,0,00
20100128083900S:A0402,0010,  00000033,0,00,00
20100128083906R:A0404,0010,  00000033,00,00
20100128083934R:A0401,0010,  00000042,0,00
20100128083934S:A0402,0010,  00000042,0,00,00
20100128083939R:A0404,0010,  00000042,00,00
20100128083945R:A0401,0010,  00000075,0,00
20100128083945S:A0402,0010,  00000075,1,00,00
20100128083953R:A0404,0010,  00000075,00,00
20100128083957R:A0401,0010,  00001101,0,00
20100128083957S:A0402,0010,  00001101,0,00,00
20100128084003R:A0404,0010,  00001101,00,00
20100128084028R:A0401,0010,  00000014,0,00
20100128084028S:A0402,0010,  00000014,1,00,00
20100128084036R:A0404,0010,  00000014,00,00
20100128084041R:A0401,0010,  00001281,0,00
20100128084042S:A0402,0010,  00001281,0,00,00
20100128084047R:A0404,0010,  00001281,00,00
20100128084114R:A0401,0010,  00001132,0,00
20100128084114S:A0402,0010,  00001132,1,00,00
20100128084122R:A0404,0010,  00001132,00,00
20100128084128R:A0401,0010,  00001113,0,00
20100128084128S:A0402,0010,  00001113,0,00,00
20100128084134R:A0404,0010,  00001113,00,00
20100128084201R:A0401,0010,  00001268,0,00
20100128084201S:A0402,0010,  00001268,1,00,00
20100128084209R:A0404,0010,  00001268,00,00
20100128084213R:A0401,0010,  00001131,0,00
20100128084213S:A0402,0010,  00001131,0,00,00
20100128084219R:A0404,0010,  00001131,00,00
20100128084257R:A0401,0010,  00000125,0,00
20100128084257S:A0402,0010,  00000125,1,00,00
20100128084305R:A0404,0010,  00000125,00,00
20100128084310R:A0401,0010,  00000028,0,00
20100128084310S:A0402,0010,  00000028,0,00,00
20100128084316R:A0404,0010,  00000028,00,00
20100128084344R:A0401,0010,  00000155,0,00
20100128084344S:A0402,0010,  00000155,1,00,00
20100128084352R:A0404,0010,  00000155,00,00
20100128084357R:A0401,0010,  00001041,0,00
20100128084357S:A0402,0010,  00001041,0,00,00
20100128084403R:A0404,0010,  00001041,00,00
20100128084645R:A0401,0010,  00000131,0,00
20100128084645S:A0402,0010,  00000131,1,00,00
20100128084653R:A0404,0010,  00000131,00,00
20100128084658R:A0401,0010,  00001001,0,00
20100128084658S:A0402,0010,  00001001,0,00,00
20100128084703R:A0404,0010,  00001001,00,00
20100128084846R:A0401,0010,  00001251,0,00
20100128084846S:A0402,0010,  00001251,0,00,00
20100128084852R:A0404,0010,  00001251,00,00
20100128084858R:A0401,0010,  00000112,0,00
20100128084858S:A0402,0010,  00000112,1,00,00
20100128084906R:A0404,0010,  00000112,00,00
20100128084933R:A0401,0010,  00000040,0,00
20100128084933S:A0402,0010,  00000040,1,00,00
20100128084941R:A0404,0010,  00000040,00,00
20100128084946R:A0401,0010,  00001109,0,00
20100128084946S:A0402,0010,  00001109,0,00,00
20100128084952R:A0404,0010,  00001109,00,00
20100128085006R:A0401,0010,  00001129,0,00
20100128085006S:A0402,0010,  00001129,1,00,00
20100128085014R:A0404,0010,  00001129,00,00
20100128085018R:A0401,0010,  00001029,0,00
20100128085018S:A0402,0010,  00001029,0,00,00
20100128085024R:A0404,0010,  00001029,00,00
20100128085041R:A0401,0010,  00001184,0,00
20100128085041S:A0402,0010,  00001184,1,00,00
20100128085049R:A0404,0010,  00001184,00,00
20100128085055R:A0401,0010,  00000154,0,00
20100128085055S:A0402,0010,  00000154,0,00,00
20100128085100R:A0404,0010,  00000154,00,00
20100128085106R:A0401,0010,  00000083,0,00
20100128085106S:A0402,0010,  00000083,1,00,00
20100128085114R:A0404,0010,  00000083,00,00
20100128085118R:A0401,0010,  00000065,0,00
20100128085119S:A0402,0010,  00000065,0,00,00
20100128085124R:A0404,0010,  00000065,00,00
20100128085217R:A0401,0010,  00001261,0,00
20100128085218S:A0402,0010,  00001261,1,00,00
20100128085226R:A0404,0010,  00001261,00,00
20100128085231R:A0401,0010,  00000165,0,00
20100128085231S:A0402,0010,  00000165,0,00,00
20100128085236R:A0404,0010,  00000165,00,00
20100128085304R:A0401,0010,  00001255,0,00
20100128085304S:A0402,0010,  00001255,1,00,00
20100128085312R:A0404,0010,  00001255,00,00
20100128085316R:A0401,0010,  00000054,0,00
20100128085317S:A0402,0010,  00000054,0,00,00
20100128085322R:A0404,0010,  00000054,00,00
20100128085353R:A0401,0010,  00001031,0,00
20100128085353S:A0402,0010,  00001031,1,00,00
20100128085401R:A0404,0010,  00001031,00,00
20100128085405R:A0401,0010,  00001047,0,00
20100128085405S:A0402,0010,  00001047,0,00,00
20100128085411R:A0404,0010,  00001047,00,00
20100128085434R:A0401,0010,  00000182,0,00
20100128085434S:A0402,0010,  00000182,1,00,00
20100128085443R:A0404,0010,  00000182,00,00
20100128085446R:A0401,0010,  00001022,0,00
20100128085447S:A0402,0010,  00001022,0,00,00
20100128085452R:A0404,0010,  00001022,00,00
20100128090136R:A0401,0010,  00001121,0,00
20100128090137S:A0402,0010,  00001121,0,00,00
20100128090142R:A0404,0010,  00001121,00,00
20100128090148R:A0401,0010,  00001032,0,00
20100128090148S:A0402,0010,  00001032,1,00,00
20100128090156R:A0404,0010,  00001032,00,00
20100128090227R:A0401,0010,  00001223,0,00
20100128090227S:A0402,0010,  00001223,1,00,00
20100128090235R:A0404,0010,  00001223,00,00
20100128090239R:A0401,0010,  00000186,0,00
20100128090240S:A0402,0010,  00000186,0,00,00
20100128090245R:A0404,0010,  00000186,00,00
20100128090255R:A0401,0010,  00000156,0,00
20100128090255S:A0402,0010,  00000156,0,00,00
20100128090301R:A0404,0010,  00000156,00,00
20100128090307R:A0401,0010,  00001102,0,00
20100128090307S:A0402,0010,  00001102,1,00,00
20100128090315R:A0404,0010,  00001102,00,00
20100128090319R:A0401,0010,  00000134,0,00
20100128090319S:A0402,0010,  00000134,0,00,00
20100128090325R:A0404,0010,  00000134,00,00
20100128090331R:A0401,0010,  00000124,0,00
20100128090332S:A0402,0010,  00000124,0,00,00
20100128090337R:A0404,0010,  00000124,00,00
20100128090345R:A0401,0010,  00000108,0,00
20100128090345S:A0402,0010,  00000108,0,00,00
20100128090350R:A0404,0010,  00000108,00,00
20100128090356R:A0401,0010,  00001278,0,00
20100128090356S:A0402,0010,  00001278,1,00,00
20100128090404R:A0404,0010,  00001278,00,00
20100128090409R:A0401,0010,  00001148,0,00
20100128090409S:A0402,0010,  00001148,0,00,00
20100128090414R:A0404,0010,  00001148,00,00
20100128090419R:A0401,0010,  00001300,0,00
20100128090419S:A0402,0010,  00001300,0,00,00
20100128090425R:A0404,0010,  00001300,00,00
20100128090433R:A0401,0010,  00001258,0,00
20100128090433S:A0402,0010,  00001258,1,00,00
20100128090441R:A0404,0010,  00001258,00,00
20100128090445R:A0401,0010,  00001252,0,00
20100128090445S:A0402,0010,  00001252,0,00,00
20100128090451R:A0404,0010,  00001252,00,00
20100128090523R:A0401,0010,  00001046,0,00
20100128090523S:A0402,0010,  00001046,0,00,00
20100128090528R:A0404,0010,  00001046,00,00
20100128090534R:A0401,0010,  00000132,0,00
20100128090535S:A0402,0010,  00000132,1,00,00
20100128090542R:A0404,0010,  00000132,00,00
20100128090547R:A0401,0010,  00001288,0,00
20100128090547S:A0402,0010,  00001288,0,00,00
20100128090553R:A0404,0010,  00001288,00,00
20100128090559R:A0401,0010,  00000005,0,00
20100128090559S:A0402,0010,  00000005,1,00,00
20100128090607R:A0404,0010,  00000005,00,00
20100128090611R:A0401,0010,  00000073,0,00
20100128090611S:A0402,0010,  00000073,0,00,00
20100128090616R:A0404,0010,  00000073,00,00
20100128090836R:A0401,0010,  00000033,0,00
20100128090836S:A0402,0010,  00000033,1,00,00
20100128090844R:A0404,0010,  00000033,00,00
20100128090848R:A0401,0010,  00001296,0,00
20100128090848S:A0402,0010,  00001296,0,00,00
20100128090854R:A0404,0010,  00001296,00,00
20100128090859R:A0401,0010,  00000164,0,00
20100128090859S:A0402,0010,  00000164,0,00,00
20100128090905R:A0404,0010,  00000164,00,00
20100128090929R:A0401,0010,  00001141,0,00
20100128090929S:A0402,0010,  00001141,0,00,00
20100128090935R:A0404,0010,  00001141,00,00
20100128090940R:A0401,0010,  00000140,0,00
20100128090941S:A0402,0010,  00000140,1,00,00
20100128090949R:A0404,0010,  00000140,00,00
20100128090953R:A0401,0010,  00001112,0,00
20100128090953S:A0402,0010,  00001112,0,00,00
20100128090958R:A0404,0010,  00001112,00,00
20100128091018R:A0401,0010,  00001134,0,00
20100128091018S:A0402,0010,  00001134,1,00,00
20100128091026R:A0404,0010,  00001134,00,00
20100128091031R:A0401,0010,  00000089,0,00
20100128091031S:A0402,0010,  00000089,0,00,00
20100128091037R:A0404,0010,  00000089,00,00
20100128091113R:A0401,0010,  00000172,0,00
20100128091113S:A0402,0010,  00000172,0,00,00
20100128091119R:A0404,0010,  00000172,00,00
20100128091125R:A0401,0010,  00001265,0,00
20100128091125S:A0402,0010,  00001265,1,00,00
20100128091133R:A0404,0010,  00001265,00,00
20100128091210R:A0401,0010,  00001287,0,00
20100128091210S:A0402,0010,  00001287,1,00,00
20100128091219R:A0404,0010,  00001287,00,00
20100128091222R:A0401,0010,  00000020,0,00
20100128091223S:A0402,0010,  00000020,0,00,00
20100128091228R:A0404,0010,  00000020,00,00
20100128091309R:A0401,0010,  00000032,0,00
20100128091309S:A0402,0010,  00000032,0,00,00
20100128091315R:A0404,0010,  00000032,00,00
20100128091322R:A0401,0010,  00000151,0,00
20100128091323S:A0402,0010,  00000151,1,00,00
20100128091331R:A0404,0010,  00000151,00,00
20100128091335R:A0401,0010,  00000082,0,00
20100128091335S:A0402,0010,  00000082,0,00,00
20100128091340R:A0404,0010,  00000082,00,00
20100128091409R:A0401,0010,  00001273,0,00
20100128091409S:A0402,0010,  00001273,1,00,00
20100128091417R:A0404,0010,  00001273,00,00
20100128091421R:A0401,0010,  00001198,0,00
20100128091421S:A0402,0010,  00001198,0,00,00
20100128091427R:A0404,0010,  00001198,00,00
20100128091432R:A0401,0010,  00000137,0,00
20100128091432S:A0402,0010,  00000137,0,00,00
20100128091438R:A0404,0010,  00000137,00,00
20100128091515R:A0401,0010,  00001116,0,00
20100128091516S:A0402,0010,  00001116,1,00,00
20100128091524R:A0404,0010,  00001116,00,00
20100128091528R:A0401,0010,  00001034,0,00
20100128091528S:A0402,0010,  00001034,0,00,00
20100128091533R:A0404,0010,  00001034,00,00
20100128091539R:A0401,0010,  00001015,0,00
20100128091539S:A0402,0010,  00001015,0,00,00
20100128091544R:A0404,0010,  00001015,00,00
20100128091619R:A0401,0010,  00001147,0,00
20100128091619S:A0402,0010,  00001147,0,00,00
20100128091625R:A0404,0010,  00001147,00,00
20100128091630R:A0401,0010,  00000188,0,00
20100128091631S:A0402,0010,  00000188,1,00,00
20100128091639R:A0404,0010,  00000188,00,00
20100128091643R:A0401,0010,  00000194,0,00
20100128091643S:A0402,0010,  00000194,0,00,00
20100128091648R:A0404,0010,  00000194,00,00
20100128091719R:A0401,0010,  00000094,0,00
20100128091719S:A0402,0010,  00000094,1,00,00
20100128091727R:A0404,0010,  00000094,00,00
20100128091731R:A0401,0010,  00000195,0,00
20100128091731S:A0402,0010,  00000195,0,00,00
20100128091737R:A0404,0010,  00000195,00,00
20100128091805R:A0401,0010,  00001219,0,00
20100128091805S:A0402,0010,  00001219,1,00,00
20100128091813R:A0404,0010,  00001219,00,00
20100128091818R:A0401,0010,  00001139,0,00
20100128091818S:A0402,0010,  00001139,0,00,00
20100128091824R:A0404,0010,  00001139,00,00
20100128091852R:A0401,0010,  00001130,0,00
20100128091852S:A0402,0010,  00001130,1,00,00
20100128091900R:A0404,0010,  00001130,00,00
20100128091904R:A0401,0010,  00001293,0,00
20100128091904S:A0402,0010,  00001293,0,00,00
20100128091909R:A0404,0010,  00001293,00,00
20100128091939R:A0401,0010,  00000146,0,00
20100128091939S:A0402,0010,  00000146,1,00,00
20100128091947R:A0404,0010,  00000146,00,00
20100128091951R:A0401,0010,  00001193,0,00
20100128091951S:A0402,0010,  00001193,0,00,00
20100128091956R:A0404,0010,  00001193,00,00
20100128092036R:A0401,0010,  00001290,0,00
20100128092036S:A0402,0010,  00001290,1,00,00
20100128092044R:A0404,0010,  00001290,00,00
20100128092048R:A0401,0010,  00001284,0,00
20100128092048S:A0402,0010,  00001284,0,00,00
20100128092053R:A0404,0010,  00001284,00,00
20100128092123R:A0401,0010,  00001026,0,00
20100128092123S:A0402,0010,  00001026,1,00,00
20100128092131R:A0404,0010,  00001026,00,00
20100128092135R:A0401,0010,  00001289,0,00
20100128092135S:A0402,0010,  00001289,0,00,00
20100128092140R:A0404,0010,  00001289,00,00
20100128092212R:A0401,0010,  00001118,0,00
20100128092212S:A0402,0010,  00001118,1,00,00
20100128092220R:A0404,0010,  00001118,00,00
20100128092224R:A0401,0010,  00000087,0,00
20100128092224S:A0402,0010,  00000087,0,00,00
20100128092230R:A0404,0010,  00000087,00,00
20100128092258R:A0401,0010,  00000102,0,00
20100128092258S:A0402,0010,  00000102,1,00,00
20100128092306R:A0404,0010,  00000102,00,00
20100128092310R:A0401,0010,  00001222,0,00
20100128092310S:A0402,0010,  00001222,0,00,00
20100128092316R:A0404,0010,  00001222,00,00
20100128092332R:A0401,0010,  00000088,0,00
20100128092332S:A0402,0010,  00000088,1,00,00
20100128092340R:A0404,0010,  00000088,00,00
20100128092344R:A0401,0010,  00000034,0,00
20100128092344S:A0402,0010,  00000034,0,00,00
20100128092349R:A0404,0010,  00000034,00,00
20100128092405R:A0401,0010,  00000180,0,00
20100128092405S:A0402,0010,  00000180,1,00,00
20100128092414R:A0404,0010,  00000180,00,00
20100128092417R:A0401,0010,  00001275,0,00
20100128092418S:A0402,0010,  00001275,0,00,00
20100128092423R:A0404,0010,  00001275,00,00
20100128092445R:A0401,0010,  00000080,0,00
20100128092445S:A0402,0010,  00000080,1,00,00
20100128092453R:A0404,0010,  00000080,00,00
20100128092457R:A0401,0010,  00000128,0,00
20100128092457S:A0402,0010,  00000128,0,00,00
20100128092503R:A0404,0010,  00000128,00,00
20100128092519R:A0401,0010,  00000136,0,00
20100128092519S:A0402,0010,  00000136,1,00,00
20100128092527R:A0404,0010,  00000136,00,00
20100128092531R:A0401,0010,  00000121,0,00
20100128092531S:A0402,0010,  00000121,0,00,00
20100128092536R:A0404,0010,  00000121,00,00
20100128092542R:A0401,0010,  00001132,0,00
20100128092542S:A0402,0010,  00001132,1,00,00
20100128092550R:A0404,0010,  00001132,00,00
20100128092555R:A0401,0010,  00001262,0,00
20100128092555S:A0402,0010,  00001262,0,00,00
20100128092601R:A0404,0010,  00001262,00,00
20100128092626R:A0401,0010,  00000038,0,00
20100128092626S:A0402,0010,  00000038,1,00,00
20100128092634R:A0404,0010,  00000038,00,00
20100128092638R:A0401,0010,  00000138,0,00
20100128092638S:A0402,0010,  00000138,0,00,00
20100128092644R:A0404,0010,  00000138,00,00
20100128092705R:A0401,0010,  00001103,0,00
20100128092705S:A0402,0010,  00001103,0,00,00
20100128092711R:A0404,0010,  00001103,00,00
20100128092717R:A0401,0010,  00000012,0,00
20100128092717S:A0402,0010,  00000012,1,00,00
20100128092725R:A0404,0010,  00000012,00,00
20100128092729R:A0401,0010,  00000029,0,00
20100128092729S:A0402,0010,  00000029,0,00,00
20100128092734R:A0404,0010,  00000029,00,00
20100128092926R:A0401,0010,  00000112,0,00
20100128092926S:A0402,0010,  00000112,1,00,00
20100128092934R:A0404,0010,  00000112,00,00
20100128092938R:A0401,0010,  00001020,0,00
20100128092938S:A0402,0010,  00001020,0,00,00
20100128092944R:A0404,0010,  00001020,00,00
20100128093012R:A0401,0010,  00001261,0,00
20100128093012S:A0402,0010,  00001261,1,00,00
20100128093020R:A0404,0010,  00001261,00,00
20100128093024R:A0401,0010,  00001298,0,00
20100128093024S:A0402,0010,  00001298,0,00,00
20100128093030R:A0404,0010,  00001298,00,00
20100128093134R:A0401,0010,  00001215,0,00
20100128093134S:A0402,0010,  00001215,1,00,00
20100128093142R:A0404,0010,  00001215,00,00
20100128093146R:A0401,0010,  00001030,0,00
20100128093146S:A0402,0010,  00001030,0,00,00
20100128093151R:A0404,0010,  00001030,00,00
20100128093159R:A0401,0010,  00001048,0,00
20100128093159S:A0402,0010,  00001048,0,00,00
20100128093205R:A0404,0010,  00001048,00,00
20100128093211R:A0401,0010,  00001033,0,00
20100128093211S:A0402,0010,  00001033,1,00,00
20100128093219R:A0404,0010,  00001033,00,00
20100128093223R:A0401,0010,  00001200,0,00
20100128093223S:A0402,0010,  00001200,0,00,00
20100128093229R:A0404,0010,  00001200,00,00
20100128093610R:A0401,0010,  00000040,0,00
20100128093610S:A0402,0010,  00000040,1,00,00
20100128093618R:A0404,0010,  00000040,00,00
20100128093622R:A0401,0010,  00001133,0,00
20100128093622S:A0402,0010,  00001133,0,00,00
20100128093628R:A0404,0010,  00001133,00,00
20100128093701R:A0401,0010,  00000158,0,00
20100128093701S:A0402,0010,  00000158,0,00,00
20100128093707R:A0404,0010,  00000158,00,00
20100128093712R:A0401,0010,  00000083,0,00
20100128093713S:A0402,0010,  00000083,1,00,00
20100128093721R:A0404,0010,  00000083,00,00
20100128093725R:A0401,0010,  00000116,0,00
20100128093725S:A0402,0010,  00000116,0,00,00
20100128093730R:A0404,0010,  00000116,00,00
20100128094109R:A0401,0010,  00001129,0,00
20100128094109S:A0402,0010,  00001129,1,00,00
20100128094117R:A0404,0010,  00001129,00,00
20100128094121R:A0401,0010,  00000107,0,00
20100128094121S:A0402,0010,  00000107,0,00,00
20100128094127R:A0404,0010,  00000107,00,00
20100128094254R:A0401,0010,  00000129,0,00
20100128094255S:A0402,0010,  00000129,1,00,00
20100128094303R:A0404,0010,  00000129,00,00
20100128094306R:A0401,0010,  00001282,0,00
20100128094307S:A0402,0010,  00001282,0,00,00
20100128094312R:A0404,0010,  00001282,00,00
20100128094516R:A0401,0010,  00001184,0,00
20100128094516S:A0402,0010,  00001184,1,00,00
20100128094524R:A0404,0010,  00001184,00,00
20100128094528R:A0401,0010,  00000162,0,00
20100128094528S:A0402,0010,  00000162,0,00,00
20100128094533R:A0404,0010,  00000162,00,00
20100128094602R:A0401,0010,  00001186,0,00
20100128094602S:A0402,0010,  00001186,1,00,00
20100128094611R:A0404,0010,  00001186,00,00
20100128094614R:A0401,0010,  00001196,0,00
20100128094615S:A0402,0010,  00001196,0,00,00
20100128094620R:A0404,0010,  00001196,00,00
20100128094840R:A0401,0010,  00001287,0,00
20100128094840S:A0402,0010,  00001287,1,00,00
20100128094848R:A0404,0010,  00001287,00,00
20100128094852R:A0401,0010,  00001005,0,00
20100128094852S:A0402,0010,  00001005,0,00,00
20100128094857R:A0404,0010,  00001005,00,00
20100128094903R:A0401,0010,  00001019,0,00
20100128094903S:A0402,0010,  00001019,0,00,00
20100128094908R:A0404,0010,  00001019,00,00
20100128095109R:A0401,0010,  00001260,0,00
20100128095109S:A0402,0010,  00001260,1,00,00
20100128095118R:A0404,0010,  00001260,00,00
20100128095123R:A0401,0010,  00000130,0,00
20100128095123S:A0402,0010,  00000130,0,00,00
20100128095128R:A0404,0010,  00000130,00,00
20100128095134R:A0401,0010,  00000100,0,00
20100128095134S:A0402,0010,  00000100,1,00,00
20100128095142R:A0404,0010,  00000100,00,00
20100128095146R:A0401,0010,  00001283,0,00
20100128095146S:A0402,0010,  00001283,0,00,00
20100128095152R:A0404,0010,  00001283,00,00
20100128095735R:A0401,0010,  00001134,0,00
20100128095735S:A0402,0010,  00001134,1,00,00
20100128095743R:A0404,0010,  00001134,00,00
20100128095748R:A0401,0010,  00000086,0,00
20100128095748S:A0402,0010,  00000086,0,00,00
20100128095754R:A0404,0010,  00000086,00,00
20100128100010R:A0401,0010,  00000026,0,00
20100128100010S:A0402,0010,  00000026,0,00,00
20100128100016R:A0404,0010,  00000026,00,00
20100128100021R:A0401,0010,  00001218,0,00
20100128100021S:A0402,0010,  00001218,0,00,00
20100128100027R:A0404,0010,  00001218,00,00
20100128100032R:A0401,0010,  00000033,0,00
20100128100033S:A0402,0010,  00000033,1,00,00
20100128100041R:A0404,0010,  00000033,00,00
20100128100044R:A0401,0010,  00001153,0,00
20100128100045S:A0402,0010,  00001153,0,00,00
20100128100050R:A0404,0010,  00001153,00,00
20100128100104R:A0401,0010,  00001265,0,00
20100128100104S:A0402,0010,  00001265,1,00,00
20100128100112R:A0404,0010,  00001265,00,00
20100128100118R:A0401,0010,  00001274,0,00
20100128100118S:A0402,0010,  00001274,0,00,00
20100128100124R:A0404,0010,  00001274,00,00
20100128100130R:A0401,0010,  00000140,0,00
20100128100130S:A0402,0010,  00000140,1,00,00
20100128100138R:A0404,0010,  00000140,00,00
20100128100142R:A0401,0010,  00000095,0,00
20100128100142S:A0402,0010,  00000095,0,00,00
20100128100148R:A0404,0010,  00000095,00,00
20100128100551R:A0401,0010,  00001194,0,00
20100128100551S:A0402,0010,  00001194,1,00,00
20100128100559R:A0404,0010,  00001194,00,00
20100128100604R:A0401,0010,  00001017,0,00
20100128100604S:A0402,0010,  00001017,0,00,00
20100128100610R:A0404,0010,  00001017,00,00
20100128100958R:A0401,0010,  00001139,0,00
20100128100958S:A0402,0010,  00001139,1,00,00
20100128101006R:A0404,0010,  00001139,00,00
20100128101011R:A0401,0010,  00000115,0,00
20100128101011S:A0402,0010,  00000115,0,00,00
20100128101017R:A0404,0010,  00000115,00,00
20100128101609R:A0401,0010,  00000073,0,00
20100128101609S:A0402,0010,  00000073,1,00,00
20100128101617R:A0404,0010,  00000073,00,00
20100128101622R:A0401,0010,  00001192,0,00
20100128101622S:A0402,0010,  00001192,0,00,00
20100128101627R:A0404,0010,  00001192,00,00
20100128101635R:A0401,0010,  00001292,0,00
20100128101635S:A0402,0010,  00001292,0,00,00
20100128101641R:A0404,0010,  00001292,00,00
20100128101647R:A0401,0010,  00000020,0,00
20100128101647S:A0402,0010,  00000020,1,00,00
20100128101655R:A0404,0010,  00000020,00,00
20100128101659R:A0401,0010,  00000053,0,00
20100128101659S:A0402,0010,  00000053,0,00,00
20100128101704R:A0404,0010,  00000053,00,00
20100128102026R:A0401,0010,  00000195,0,00
20100128102026S:A0402,0010,  00000195,1,00,00
20100128102034R:A0404,0010,  00000195,00,00
20100128102039R:A0401,0010,  00000104,0,00
20100128102039S:A0402,0010,  00000104,0,00,00
20100128102045R:A0404,0010,  00000104,00,00
20100128102710R:A0401,0010,  00001275,0,00
20100128102710S:A0402,0010,  00001275,1,00,00
20100128102718R:A0404,0010,  00001275,00,00
20100128102723R:A0401,0010,  00000011,0,00
20100128102723S:A0402,0010,  00000011,0,00,00
20100128102729R:A0404,0010,  00000011,00,00
20100128102745R:A0401,0010,  00001103,0,00
20100128102745S:A0402,0010,  00001103,1,00,00
20100128102753R:A0404,0010,  00001103,00,00
20100128102758R:A0401,0010,  00000103,0,00
20100128102758S:A0402,0010,  00000103,0,00,00
20100128102803R:A0404,0010,  00000103,00,00
20100128102955R:A0401,0010,  00001186,0,00
20100128102955S:A0402,0010,  00001186,1,00,00
20100128103003R:A0404,0010,  00001186,00,00
20100128103007R:A0401,0010,  00000010,0,00
20100128103007S:A0402,0010,  00000010,0,00,00
20100128103013R:A0404,0010,  00000010,00,00
20100128103018R:A0401,0010,  00001158,0,00
20100128103018S:A0402,0010,  00001158,0,00,00
20100128103024R:A0404,0010,  00001158,00,00
20100128103048R:A0401,0010,  00001195,0,00
20100128103048S:A0402,0010,  00001195,0,00,00
20100128103054R:A0404,0010,  00001195,00,00
20100128103059R:A0401,0010,  00000012,0,00
20100128103059S:A0402,0010,  00000012,1,00,00
20100128103108R:A0404,0010,  00000012,00,00
20100128103111R:A0401,0010,  00001021,0,00
20100128103112S:A0402,0010,  00001021,0,00,00
20100128103117R:A0404,0010,  00001021,00,00
20100128103138R:A0401,0010,  00000066,0,00
20100128103138S:A0402,0010,  00000066,0,00,00
20100128103144R:A0404,0010,  00000066,00,00
20100128103150R:A0401,0010,  00000033,0,00
20100128103150S:A0402,0010,  00000033,1,00,00
20100128103158R:A0404,0010,  00000033,00,00
20100128103231R:A0401,0010,  00001018,0,00
20100128103231S:A0402,0010,  00001018,0,00,00
20100128103237R:A0404,0010,  00001018,00,00
20100128103242R:A0401,0010,  00000159,0,00
20100128103242S:A0402,0010,  00000159,0,00,00
20100128103247R:A0404,0010,  00000159,00,00
20100128103253R:A0401,0010,  00001288,0,00
20100128103253S:A0402,0010,  00001288,1,00,00
20100128103301R:A0404,0010,  00001288,00,00
20100128103332R:A0401,0010,  00001184,0,00
20100128103332S:A0402,0010,  00001184,1,00,00
20100128103340R:A0404,0010,  00001184,00,00
20100128103344R:A0401,0010,  00001225,0,00
20100128103344S:A0402,0010,  00001225,0,00,00
20100128103350R:A0404,0010,  00001225,00,00
20100128103355R:A0401,0010,  00001276,0,00
20100128103355S:A0402,0010,  00001276,0,00,00
20100128103401R:A0404,0010,  00001276,00,00
20100128103434R:A0401,0010,  00001043,0,00
20100128103435S:A0402,0010,  00001043,0,00,00
20100128103440R:A0404,0010,  00001043,00,00
20100128103446R:A0401,0010,  00001129,0,00
20100128103446S:A0402,0010,  00001129,1,00,00
20100128103454R:A0404,0010,  00001129,00,00
20100128103458R:A0401,0010,  00000096,0,00
20100128103458S:A0402,0010,  00000096,0,00,00
20100128103504R:A0404,0010,  00000096,00,00
20100128103535R:A0401,0010,  00000129,0,00
20100128103535S:A0402,0010,  00000129,1,00,00
20100128103543R:A0404,0010,  00000129,00,00
20100128103547R:A0401,0010,  00000197,0,00
20100128103547S:A0402,0010,  00000197,0,00,00
20100128103553R:A0404,0010,  00000197,00,00
20100128103558R:A0401,0010,  00001263,0,00
20100128103558S:A0402,0010,  00001263,0,00,00
20100128103604R:A0404,0010,  00001263,00,00
20100128103625R:A0401,0010,  00001265,0,00
20100128103625S:A0402,0010,  00001265,1,00,00
20100128103633R:A0404,0010,  00001265,00,00
20100128103637R:A0401,0010,  00001188,0,00
20100128103638S:A0402,0010,  00001188,0,00,00
20100128103643R:A0404,0010,  00001188,00,00
20100128103715R:A0401,0010,  00000140,0,00
20100128103715S:A0402,0010,  00000140,1,00,00
20100128103723R:A0404,0010,  00000140,00,00
20100128103728R:A0401,0010,  00000063,0,00
20100128103728S:A0402,0010,  00000063,0,00,00
20100128103734R:A0404,0010,  00000063,00,00
20100128103804R:A0401,0010,  00001045,0,00
20100128103804S:A0402,0010,  00001045,0,00,00
20100128103810R:A0404,0010,  00001045,00,00
20100128103815R:A0401,0010,  00001287,0,00
20100128103815S:A0402,0010,  00001287,1,00,00
20100128103824R:A0404,0010,  00001287,00,00
20100128103827R:A0401,0010,  00001035,0,00
20100128103828S:A0402,0010,  00001035,0,00,00
20100128103833R:A0404,0010,  00001035,00,00
20100128103851R:A0401,0010,  00001260,0,00
20100128103851S:A0402,0010,  00001260,1,00,00
20100128103859R:A0404,0010,  00001260,00,00
20100128103903R:A0401,0010,  00001115,0,00
20100128103903S:A0402,0010,  00001115,0,00,00
20100128103909R:A0404,0010,  00001115,00,00
20100128103940R:A0401,0010,  00000128,0,00
20100128103940S:A0402,0010,  00000128,1,00,00
20100128103948R:A0404,0010,  00000128,00,00
20100128103952R:A0401,0010,  00001171,0,00
20100128103952S:A0402,0010,  00001171,0,00,00
20100128103958R:A0404,0010,  00001171,00,00
20100128104028R:A0401,0010,  00001030,0,00
20100128104028S:A0402,0010,  00001030,1,00,00
20100128104036R:A0404,0010,  00001030,00,00
20100128104040R:A0401,0010,  00001049,0,00
20100128104040S:A0402,0010,  00001049,0,00,00
20100128104045R:A0404,0010,  00001049,00,00
20100128104101R:A0401,0010,  00001222,0,00
20100128104102S:A0402,0010,  00001222,1,00,00
20100128104110R:A0404,0010,  00001222,00,00
20100128104113R:A0401,0010,  00001257,0,00
20100128104114S:A0402,0010,  00001257,0,00,00
20100128104119R:A0404,0010,  00001257,00,00
20100128104155R:A0401,0010,  00000100,0,00
20100128104155S:A0402,0010,  00000100,1,00,00
20100128104203R:A0404,0010,  00000100,00,00
20100128104208R:A0401,0010,  00000091,0,00
20100128104208S:A0402,0010,  00000091,0,00,00
20100128104214R:A0404,0010,  00000091,00,00
20100128104242R:A0401,0010,  00001134,0,00
20100128104242S:A0402,0010,  00001134,1,00,00
20100128104250R:A0404,0010,  00001134,00,00
20100128104254R:A0401,0010,  00001006,0,00
20100128104254S:A0402,0010,  00001006,0,00,00
20100128104300R:A0404,0010,  00001006,00,00
20100128104329R:A0401,0010,  00000112,0,00
20100128104329S:A0402,0010,  00000112,1,00,00
20100128104337R:A0404,0010,  00000112,00,00
20100128104341R:A0401,0010,  00000173,0,00
20100128104341S:A0402,0010,  00000173,0,00,00
20100128104346R:A0404,0010,  00000173,00,00
20100128104352R:A0401,0010,  00001153,0,00
20100128104353S:A0402,0010,  00001153,1,00,00
20100128104400R:A0404,0010,  00001153,00,00
20100128104406R:A0401,0010,  00000023,0,00
20100128104406S:A0402,0010,  00000023,0,00,00
20100128104411R:A0404,0010,  00000023,00,00
20100128104444R:A0401,0010,  00000179,0,00
20100128104444S:A0402,0010,  00000179,0,00,00
20100128104450R:A0404,0010,  00000179,00,00
20100128104456R:A0401,0010,  00000116,0,00
20100128104456S:A0402,0010,  00000116,1,00,00
20100128104504R:A0404,0010,  00000116,00,00
20100128104508R:A0401,0010,  00000111,0,00
20100128104508S:A0402,0010,  00000111,0,00,00
20100128104514R:A0404,0010,  00000111,00,00
20100128105025R:A0401,0010,  00001133,0,00
20100128105025S:A0402,0010,  00001133,1,00,00
20100128105033R:A0404,0010,  00001133,00,00
20100128105038R:A0401,0010,  00000148,0,00
20100128105038S:A0402,0010,  00000148,0,00,00
20100128105044R:A0404,0010,  00000148,00,00
20100128105110R:A0401,0010,  00000162,0,00
20100128105111S:A0402,0010,  00000162,1,00,00
20100128105119R:A0404,0010,  00000162,00,00
20100128105124R:A0401,0010,  00001269,0,00
20100128105124S:A0402,0010,  00001269,0,00,00
20100128105130R:A0404,0010,  00001269,00,00
20100128105206R:A0401,0010,  00001298,0,00
20100128105206S:A0402,0010,  00001298,1,00,00
20100128105214R:A0404,0010,  00001298,00,00
20100128105218R:A0401,0010,  00000166,0,00
20100128105218S:A0402,0010,  00000166,0,00,00
20100128105224R:A0404,0010,  00000166,00,00
20100128105229R:A0401,0010,  00000193,0,00
20100128105229S:A0402,0010,  00000193,0,00,00
20100128105235R:A0404,0010,  00000193,00,00
20100128105356R:A0401,0010,  00001162,0,00
20100128105356S:A0402,0010,  00001162,0,00,00
20100128105401R:A0404,0010,  00001162,00,00
20100128105407R:A0401,0010,  00000086,0,00
20100128105407S:A0402,0010,  00000086,1,00,00
20100128105415R:A0404,0010,  00000086,00,00
20100128105419R:A0401,0010,  00000077,0,00
20100128105419S:A0402,0010,  00000077,0,00,00
20100128105425R:A0404,0010,  00000077,00,00
20100128110052R:A0401,0010,  00001200,0,00
20100128110052S:A0402,0010,  00001200,1,00,00
20100128110100R:A0404,0010,  00001200,00,00
20100128110105R:A0401,0010,  00000036,0,00
20100128110105S:A0402,0010,  00000036,0,00,00
20100128110111R:A0404,0010,  00000036,00,00
20100128110403R:A0401,0010,  00000107,0,00
20100128110403S:A0402,0010,  00000107,1,00,00
20100128110411R:A0404,0010,  00000107,00,00
20100128110416R:A0401,0010,  00001253,0,00
20100128110416S:A0402,0010,  00001253,0,00,00
20100128110422R:A0404,0010,  00001253,00,00
20100128110451R:A0401,0010,  00001282,0,00
20100128110451S:A0402,0010,  00001282,1,00,00
20100128110459R:A0404,0010,  00001282,00,00
20100128110504R:A0401,0010,  00001221,0,00
20100128110504S:A0402,0010,  00001221,0,00,00
20100128110510R:A0404,0010,  00001221,00,00
20100128110536R:A0401,0010,  00001048,0,00
20100128110536S:A0402,0010,  00001048,1,00,00
20100128110544R:A0404,0010,  00001048,00,00
20100128110550R:A0401,0010,  00001220,0,00
20100128110550S:A0402,0010,  00001220,0,00,00
20100128110556R:A0404,0010,  00001220,00,00
20100128111310R:A0401,0010,  00000198,0,00
20100128111310S:A0402,0010,  00000198,0,00,00
20100128111316R:A0404,0010,  00000198,00,00
20100128111322R:A0401,0010,  00000026,0,00
20100128111322S:A0402,0010,  00000026,1,00,00
20100128111330R:A0404,0010,  00000026,00,00
20100128111334R:A0401,0010,  00001161,0,00
20100128111334S:A0402,0010,  00001161,0,00,00
20100128111339R:A0404,0010,  00001161,00,00
20100128111350R:A0401,0010,  00001206,0,00
20100128111350S:A0402,0010,  00001206,0,00,00
20100128111356R:A0404,0010,  00001206,00,00
20100128111402R:A0401,0010,  00001265,0,00
20100128111402S:A0402,0010,  00001265,1,00,00
20100128111410R:A0404,0010,  00001265,00,00
20100128111415R:A0401,0010,  00001291,0,00
20100128111415S:A0402,0010,  00001291,0,00,00
20100128111421R:A0404,0010,  00001291,00,00
20100128111425R:A0401,0010,  00000041,0,00
20100128111426S:A0402,0010,  00000041,0,00,00
20100128111431R:A0404,0010,  00000041,00,00
20100128111541R:A0401,0010,  00000158,0,00
20100128111542S:A0402,0010,  00000158,1,00,00
20100128111549R:A0404,0010,  00000158,00,00
20100128111554R:A0401,0010,  00001182,0,00
20100128111554S:A0402,0010,  00001182,0,00,00
20100128111600R:A0404,0010,  00001182,00,00
20100128112503R:A0401,0010,  00001283,0,00
20100128112503S:A0402,0010,  00001283,1,00,00
20100128112511R:A0404,0010,  00001283,00,00
20100128112515R:A0401,0010,  00001285,0,00
20100128112515S:A0402,0010,  00001285,0,00,00
20100128112521R:A0404,0010,  00001285,00,00
20100128112540R:A0401,0010,  00000129,0,00
20100128112541S:A0402,0010,  00000129,1,00,00
20100128112549R:A0404,0010,  00000129,00,00
20100128112553R:A0401,0010,  00000196,0,00
20100128112553S:A0402,0010,  00000196,0,00,00
20100128112558R:A0404,0010,  00000196,00,00
20100128112603R:A0401,0010,  00001256,0,00
20100128112604S:A0402,0010,  00001256,0,00,00
20100128112609R:A0404,0010,  00001256,00,00
20100128112615R:A0401,0010,  00001184,0,00
20100128112615S:A0402,0010,  00001184,1,00,00
20100128112624R:A0404,0010,  00001184,00,00
20100128112627R:A0401,0010,  00000183,0,00
20100128112627S:A0402,0010,  00000183,0,00,00
20100128112633R:A0404,0010,  00000183,00,00
20100128112916R:A0401,0010,  00001129,0,00
20100128112916S:A0402,0010,  00001129,1,00,00
20100128112924R:A0404,0010,  00001129,00,00
20100128112930R:A0401,0010,  00001294,0,00
20100128112930S:A0402,0010,  00001294,0,00,00
20100128112935R:A0404,0010,  00001294,00,00
20100128113253R:A0401,0010,  00001282,0,00
20100128113254S:A0402,0010,  00001282,1,00,00
20100128113302R:A0404,0010,  00001282,00,00
20100128113306R:A0401,0010,  00000052,0,00
20100128113306S:A0402,0010,  00000052,0,00,00
20100128113311R:A0404,0010,  00000052,00,00
20100128113336R:A0401,0010,  00000107,0,00
20100128113336S:A0402,0010,  00000107,1,00,00
20100128113344R:A0404,0010,  00000107,00,00
20100128113348R:A0401,0010,  00001111,0,00
20100128113348S:A0402,0010,  00001111,0,00,00
20100128113354R:A0404,0010,  00001111,00,00
20100128113359R:A0401,0010,  00001016,0,00
20100128113359S:A0402,0010,  00001016,0,00,00
20100128113404R:A0404,0010,  00001016,00,00
20100128113421R:A0401,0010,  00000086,0,00
20100128113421S:A0402,0010,  00000086,1,00,00
20100128113429R:A0404,0010,  00000086,00,00
20100128113433R:A0401,0010,  00000042,0,00
20100128113433S:A0402,0010,  00000042,0,00,00
20100128113439R:A0404,0010,  00000042,00,00
20100128113956R:A0401,0010,  00001200,0,00
20100128113956S:A0402,0010,  00001200,1,00,00
20100128114004R:A0404,0010,  00001200,00,00
20100128114008R:A0401,0010,  00001300,0,00
20100128114008S:A0402,0010,  00001300,0,00,00
20100128114014R:A0404,0010,  00001300,00,00
20100128114031R:A0401,0010,  00001220,0,00
20100128114031S:A0402,0010,  00001220,1,00,00
20100128114039R:A0404,0010,  00001220,00,00
20100128114043R:A0401,0010,  00000049,0,00
20100128114043S:A0402,0010,  00000049,0,00,00
20100128114048R:A0404,0010,  00000049,00,00
20100128114548R:A0401,0010,  00000134,0,00
20100128114549S:A0402,0010,  00000134,0,00,00
20100128114554R:A0404,0010,  00000134,00,00
20100128114600R:A0401,0010,  00001265,0,00
20100128114600S:A0402,0010,  00001265,1,00,00
20100128114608R:A0404,0010,  00001265,00,00
20100128114613R:A0401,0010,  00001041,0,00
20100128114613S:A0402,0010,  00001041,0,00,00
20100128114618R:A0404,0010,  00001041,00,00
20100128114910R:A0401,0010,  00000026,0,00
20100128114910S:A0402,0010,  00000026,1,00,00
20100128114918R:A0404,0010,  00000026,00,00
20100128114922R:A0401,0010,  00000078,0,00
20100128114923S:A0402,0010,  00000078,0,00,00
20100128114928R:A0404,0010,  00000078,00,00
20100128114939R:A0401,0010,  00000077,0,00
20100128114939S:A0402,0010,  00000077,1,00,00
20100128114947R:A0404,0010,  00000077,00,00
20100128114951R:A0401,0010,  00000035,0,00
20100128114951S:A0402,0010,  00000035,0,00,00
20100128114957R:A0404,0010,  00000035,00,00
20100128115032R:A0401,0010,  00000158,0,00
20100128115032S:A0402,0010,  00000158,1,00,00
20100128115040R:A0404,0010,  00000158,00,00
20100128115044R:A0401,0010,  00001281,0,00
20100128115044S:A0402,0010,  00001281,0,00,00
20100128115050R:A0404,0010,  00001281,00,00
20100128115917R:A0401,0010,  00001182,0,00
20100128115917S:A0402,0010,  00001182,1,00,00
20100128115925R:A0404,0010,  00001182,00,00
20100128115929R:A0401,0010,  00001255,0,00
20100128115929S:A0402,0010,  00001255,0,00,00
20100128115934R:A0404,0010,  00001255,00,00
20100128115949R:A0401,0010,  00000198,0,00
20100128115949S:A0402,0010,  00000198,1,00,00
20100128115957R:A0404,0010,  00000198,00,00
20100128120001R:A0401,0010,  00001131,0,00
20100128120001S:A0402,0010,  00001131,0,00,00
20100128120007R:A0404,0010,  00001131,00,00
20100128120035R:A0401,0010,  00000182,0,00
20100128120035S:A0402,0010,  00000182,0,00,00
20100128120041R:A0404,0010,  00000182,00,00
20100128120047R:A0401,0010,  00000196,0,00
20100128120047S:A0402,0010,  00000196,1,00,00
20100128120055R:A0404,0010,  00000196,00,00
20100128120100R:A0401,0010,  00001031,0,00
20100128120100S:A0402,0010,  00001031,0,00,00
20100128120105R:A0404,0010,  00001031,00,00
20100128120110R:A0401,0010,  00000001,0,00
20100128120110S:A0402,0010,  00000001,0,00,00
20100128120116R:A0404,0010,  00000001,00,00
20100128120253R:A0401,0010,  00001206,0,00
20100128120253S:A0402,0010,  00001206,1,00,00
20100128120301R:A0404,0010,  00001206,00,00
20100128120305R:A0401,0010,  00000125,0,00
20100128120305S:A0402,0010,  00000125,0,00,00
20100128120311R:A0404,0010,  00000125,00,00
20100128120316R:A0401,0010,  00001184,0,00
20100128120317S:A0402,0010,  00001184,1,00,00
20100128120325R:A0404,0010,  00001184,00,00
20100128120329R:A0401,0010,  00000142,0,00
20100128120329S:A0402,0010,  00000142,0,00,00
20100128120334R:A0404,0010,  00000142,00,00
20100128120711R:A0401,0010,  00000193,0,00
20100128120712S:A0402,0010,  00000193,1,00,00
20100128120720R:A0404,0010,  00000193,00,00
20100128120725R:A0401,0010,  00000131,0,00
20100128120725S:A0402,0010,  00000131,0,00,00
20100128120731R:A0404,0010,  00000131,00,00
20100128120931R:A0401,0010,  00001003,0,00
20100128120931S:A0402,0010,  00001003,0,00,00
20100128120937R:A0404,0010,  00001003,00,00
20100128120942R:A0401,0010,  00001253,0,00
20100128120943S:A0402,0010,  00001253,1,00,00
20100128120951R:A0404,0010,  00001253,00,00
20100128120957R:A0401,0010,  00001268,0,00
20100128120957S:A0402,0010,  00001268,0,00,00
20100128121003R:A0404,0010,  00001268,00,00
20100128121007R:A0401,0010,  00000124,0,00
20100128121008S:A0402,0010,  00000124,0,00,00
20100128121013R:A0404,0010,  00000124,00,00
20100128121019R:A0401,0010,  00001257,0,00
20100128121019S:A0402,0010,  00001257,1,00,00
20100128121027R:A0404,0010,  00001257,00,00
20100128121031R:A0401,0010,  00001277,0,00
20100128121031S:A0402,0010,  00001277,0,00,00
20100128121037R:A0404,0010,  00001277,00,00
20100128121042R:A0401,0010,  00000155,0,00
20100128121042S:A0402,0010,  00000155,0,00,00
20100128121048R:A0404,0010,  00000155,00,00
20100128121945R:A0401,0010,  00001283,0,00
20100128121945S:A0402,0010,  00001283,1,00,00
20100128121953R:A0404,0010,  00001283,00,00
20100128121958R:A0401,0010,  00001102,0,00
20100128121958S:A0402,0010,  00001102,0,00,00
20100128122004R:A0404,0010,  00001102,00,00
20100128122027R:A0401,0010,  00001258,0,00
20100128122027S:A0402,0010,  00001258,0,00,00
20100128122033R:A0404,0010,  00001258,00,00
20100128122039R:A0401,0010,  00000041,0,00
20100128122039S:A0402,0010,  00000041,1,00,00
20100128122047R:A0404,0010,  00000041,00,00
20100128122051R:A0401,0010,  00000090,0,00
20100128122051S:A0402,0010,  00000090,0,00,00
20100128122057R:A0404,0010,  00000090,00,00
20100128122101R:A0401,0010,  00000135,0,00
20100128122101S:A0402,0010,  00000135,0,00,00
20100128122107R:A0404,0010,  00000135,00,00
20100128122120R:A0401,0010,  00000129,0,00
20100128122120S:A0402,0010,  00000129,1,00,00
20100128122128R:A0404,0010,  00000129,00,00
20100128122133R:A0401,0010,  00000132,0,00
20100128122133S:A0402,0010,  00000132,0,00,00
20100128122139R:A0404,0010,  00000132,00,00
20100128122153R:A0401,0010,  00000077,0,00
20100128122154S:A0402,0010,  00000077,1,00,00
20100128122202R:A0404,0010,  00000077,00,00
20100128122206R:A0401,0010,  00001032,0,00
20100128122206S:A0402,0010,  00001032,0,00,00
20100128122212R:A0404,0010,  00001032,00,00
20100128122404R:A0401,0010,  00001035,0,00
20100128122404S:A0402,0010,  00001035,1,00,00
20100128122412R:A0404,0010,  00001035,00,00
20100128122417R:A0401,0010,  00001119,0,00
20100128122417S:A0402,0010,  00001119,0,00,00
20100128122423R:A0404,0010,  00001119,00,00
20100128122430R:A0401,0010,  00000005,0,00
20100128122430S:A0402,0010,  00000005,0,00,00
20100128122435R:A0404,0010,  00000005,00,00
20100128122440R:A0401,0010,  00001223,0,00
20100128122440S:A0402,0010,  00001223,0,00,00
20100128122446R:A0404,0010,  00001223,00,00
20100128122452R:A0401,0010,  00000158,0,00
20100128122452S:A0402,0010,  00000158,1,00,00
20100128122500R:A0404,0010,  00000158,00,00
20100128122809R:A0401,0010,  00001265,0,00
20100128122809S:A0402,0010,  00001265,1,00,00
20100128122817R:A0404,0010,  00001265,00,00
20100128122822R:A0401,0010,  00000007,0,00
20100128122822S:A0402,0010,  00000007,0,00,00
20100128122827R:A0404,0010,  00000007,00,00
20100128122833R:A0401,0010,  00000026,0,00
20100128122833S:A0402,0010,  00000026,1,00,00
20100128122841R:A0404,0010,  00000026,00,00
20100128122846R:A0401,0010,  00001272,0,00
20100128122846S:A0402,0010,  00001272,0,00,00
20100128122852R:A0404,0010,  00001272,00,00
20100128122922R:A0401,0010,  00000063,0,00
20100128122922S:A0402,0010,  00000063,1,00,00
20100128122930R:A0404,0010,  00000063,00,00
20100128122935R:A0401,0010,  00000092,0,00
20100128122935S:A0402,0010,  00000092,0,00,00
20100128122940R:A0404,0010,  00000092,00,00
20100128123635R:A0401,0010,  00001188,0,00
20100128123635S:A0402,0010,  00001188,1,00,00
20100128123643R:A0404,0010,  00001188,00,00
20100128123648R:A0401,0010,  00001106,0,00
20100128123648S:A0402,0010,  00001106,0,00,00
20100128123654R:A0404,0010,  00001106,00,00
20100128124005R:A0401,0010,  00001048,0,00
20100128124005S:A0402,0010,  00001048,1,00,00
20100128124013R:A0404,0010,  00001048,00,00
20100128124017R:A0401,0010,  00001278,0,00
20100128124017S:A0402,0010,  00001278,0,00,00
20100128124023R:A0404,0010,  00001278,00,00
20100128124028R:A0401,0010,  00000098,0,00
20100128124028S:A0402,0010,  00000098,0,00,00
20100128124034R:A0404,0010,  00000098,00,00
20100128124252R:A0401,0010,  00001224,0,00
20100128124252S:A0402,0010,  00001224,0,00,00
20100128124258R:A0404,0010,  00001224,00,00
20100128124304R:A0401,0010,  00000066,0,00
20100128124304S:A0402,0010,  00000066,1,00,00
20100128124312R:A0404,0010,  00000066,00,00
20100128124316R:A0401,0010,  00001270,0,00
20100128124316S:A0402,0010,  00001270,0,00,00
20100128124322R:A0404,0010,  00001270,00,00
20100128124652R:A0401,0010,  00000036,0,00
20100128124652S:A0402,0010,  00000036,1,00,00
20100128124700R:A0404,0010,  00000036,00,00
20100128124705R:A0401,0010,  00001145,0,00
20100128124705S:A0402,0010,  00001145,0,00,00
20100128124711R:A0404,0010,  00001145,00,00
20100128124727R:A0401,0010,  00000173,0,00
20100128124727S:A0402,0010,  00000173,1,00,00
20100128124735R:A0404,0010,  00000173,00,00
20100128124740R:A0401,0010,  00001271,0,00
20100128124740S:A0402,0010,  00001271,0,00,00
20100128124746R:A0404,0010,  00001271,00,00
20100128124838R:A0401,0010,  00001170,0,00
20100128124838S:A0402,0010,  00001170,0,00,00
20100128124843R:A0404,0010,  00001170,00,00
20100128124849R:A0401,0010,  00001018,0,00
20100128124849S:A0402,0010,  00001018,1,00,00
20100128124857R:A0404,0010,  00001018,00,00
20100128124901R:A0401,0010,  00000114,0,00
20100128124901S:A0402,0010,  00000114,0,00,00
20100128124907R:A0404,0010,  00000114,00,00
20100128124925R:A0401,0010,  00001269,0,00
20100128124926S:A0402,0010,  00001269,1,00,00
20100128124934R:A0404,0010,  00001269,00,00
20100128124939R:A0401,0010,  00000067,0,00
20100128124939S:A0402,0010,  00000067,0,00,00
20100128124945R:A0404,0010,  00000067,00,00
20100128125516R:A0401,0010,  00001162,0,00
20100128125516S:A0402,0010,  00001162,1,00,00
20100128125524R:A0404,0010,  00001162,00,00
20100128125529R:A0401,0010,  00000169,0,00
20100128125529S:A0402,0010,  00000169,0,00,00
20100128125535R:A0404,0010,  00000169,00,00
20100128125603R:A0401,0010,  00001182,0,00
20100128125603S:A0402,0010,  00001182,1,00,00
20100128125611R:A0404,0010,  00001182,00,00
20100128125616R:A0401,0010,  00000093,0,00
20100128125616S:A0402,0010,  00000093,0,00,00
20100128125622R:A0404,0010,  00000093,00,00
20100128125831R:A0401,0010,  00001007,0,00
20100128125832S:A0402,0010,  00001007,0,00,00
20100128125837R:A0404,0010,  00001007,00,00
20100128125843R:A0401,0010,  00000063,0,00
20100128125843S:A0402,0010,  00000063,1,00,00
20100128125851R:A0404,0010,  00000063,00,00
20100128125855R:A0401,0010,  00000167,0,00
20100128125855S:A0402,0010,  00000167,0,00,00
20100128125901R:A0404,0010,  00000167,00,00
20100128130141R:A0401,0010,  00001159,0,00
20100128130141S:A0402,0010,  00001159,0,00,00
20100128130147R:A0404,0010,  00001159,00,00
20100128130153R:A0401,0010,  00001035,0,00
20100128130153S:A0402,0010,  00001035,1,00,00
20100128130201R:A0404,0010,  00001035,00,00
20100128130205R:A0401,0010,  00001297,0,00
20100128130205S:A0402,0010,  00001297,0,00,00
20100128130211R:A0404,0010,  00001297,00,00
20100128130215R:A0401,0010,  00001149,0,00
20100128130216S:A0402,0010,  00001149,0,00,00
20100128130221R:A0404,0010,  00001149,00,00
20100128130716R:A0401,0010,  00001122,0,00
20100128130716S:A0402,0010,  00001122,0,00,00
20100128130721R:A0404,0010,  00001122,00,00
20100128130727R:A0401,0010,  00000158,0,00
20100128130727S:A0402,0010,  00000158,1,00,00
20100128130735R:A0404,0010,  00000158,00,00
20100128130739R:A0401,0010,  00000056,0,00
20100128130739S:A0402,0010,  00000056,0,00,00
20100128130745R:A0404,0010,  00000056,00,00
20100128131659R:A0401,0010,  00000075,0,00
20100128131700S:A0402,0010,  00000075,0,00,00
20100128131705R:A0404,0010,  00000075,00,00
20100128131711R:A0401,0010,  00000125,0,00
20100128131711S:A0402,0010,  00000125,1,00,00
20100128131719R:A0404,0010,  00000125,00,00
20100128131723R:A0401,0010,  00000014,0,00
20100128131723S:A0402,0010,  00000014,0,00,00
20100128131729R:A0404,0010,  00000014,00,00
20100128131736R:A0401,0010,  00001217,0,00
20100128131736S:A0402,0010,  00001217,0,00,00
20100128131742R:A0404,0010,  00001217,00,00
20100128131748R:A0401,0010,  00001265,0,00
20100128131748S:A0402,0010,  00001265,1,00,00
20100128131756R:A0404,0010,  00001265,00,00
20100128131801R:A0401,0010,  00001036,0,00
20100128131801S:A0402,0010,  00001036,0,00,00
20100128131806R:A0404,0010,  00001036,00,00
20100128131815R:A0401,0010,  00000071,0,00
20100128131815S:A0402,0010,  00000071,0,00,00
20100128131821R:A0404,0010,  00000071,00,00
20100128131827R:A0401,0010,  00000035,0,00
20100128131827S:A0402,0010,  00000035,1,00,00
20100128131835R:A0404,0010,  00000035,00,00
20100128131839R:A0401,0010,  00001152,0,00
20100128131839S:A0402,0010,  00001152,0,00,00
20100128131845R:A0404,0010,  00001152,00,00
20100128131852R:A0401,0010,  00000024,0,00
20100128131852S:A0402,0010,  00000024,0,00,00
20100128131857R:A0404,0010,  00000024,00,00
20100128132613R:A0401,0010,  00000161,0,00
20100128132613S:A0402,0010,  00000161,0,00,00
20100128132618R:A0404,0010,  00000161,00,00
20100128132624R:A0401,0010,  00001041,0,00
20100128132624S:A0402,0010,  00001041,1,00,00
20100128132734R:A0404,0010,  00001041,00,00
20100128132738R:A0401,0010,  00000119,0,00
20100128132738S:A0402,0010,  00000119,0,00,00
20100128132743R:A0404,0010,  00000119,00,00
20100128133241R:A0401,0010,  00000114,0,00
20100128133241S:A0402,0010,  00000114,1,00,00
20100128133249R:A0404,0010,  00000114,00,00
20100128133253R:A0401,0010,  00000106,0,00
20100128133253S:A0402,0010,  00000106,0,00,00
20100128133258R:A0404,0010,  00000106,00,00
20100128133304R:A0401,0010,  00001280,0,00
20100128133304S:A0402,0010,  00001280,0,00,00
20100128133309R:A0404,0010,  00001280,00,00
20100128133528R:A0401,0010,  00000005,0,00
20100128133528S:A0402,0010,  00000005,1,00,00
20100128133536R:A0404,0010,  00000005,00,00
20100128133540R:A0401,0010,  00000017,0,00
20100128133540S:A0402,0010,  00000017,0,00,00
20100128133546R:A0404,0010,  00000017,00,00
20100128134233R:A0401,0010,  00001032,0,00
20100128134233S:A0402,0010,  00001032,1,00,00
20100128134241R:A0404,0010,  00001032,00,00
20100128134245R:A0401,0010,  00000118,0,00
20100128134245S:A0402,0010,  00000118,0,00,00
20100128134251R:A0404,0010,  00000118,00,00
20100128134257R:A0401,0010,  00000007,0,00
20100128134257S:A0402,0010,  00000007,1,00,00
20100128134305R:A0404,0010,  00000007,00,00
20100128134309R:A0401,0010,  00001027,0,00
20100128134309S:A0402,0010,  00001027,0,00,00
20100128134314R:A0404,0010,  00001027,00,00
20100128135057R:A0401,0010,  00001018,0,00
20100128135057S:A0402,0010,  00001018,1,00,00
20100128135105R:A0404,0010,  00001018,00,00
20100128135111R:A0401,0010,  00000059,0,00
20100128135111S:A0402,0010,  00000059,0,00,00
20100128135117R:A0404,0010,  00000059,00,00
20100128135124R:A0401,0010,  00000147,0,00
20100128135124S:A0402,0010,  00000147,0,00,00
20100128135129R:A0404,0010,  00000147,00,00
20100128135143R:A0401,0010,  00000090,0,00
20100128135143S:A0402,0010,  00000090,1,00,00
20100128135151R:A0404,0010,  00000090,00,00
20100128135155R:A0401,0010,  00000177,0,00
20100128135155S:A0402,0010,  00000177,0,00,00
20100128135201R:A0404,0010,  00000177,00,00
20100128135444R:A0401,0010,  00001254,0,00
20100128135445S:A0402,0010,  00001254,0,00,00
20100128135450R:A0404,0010,  00001254,00,00
20100128135456R:A0401,0010,  00000173,0,00
20100128135456S:A0402,0010,  00000173,1,00,00
20100128135504R:A0404,0010,  00000173,00,00
20100128135508R:A0401,0010,  00001267,0,00
20100128135508S:A0402,0010,  00001267,0,00,00
20100128135514R:A0404,0010,  00001267,00,00
20100128140742R:A0401,0010,  00000131,0,00
20100128140742S:A0402,0010,  00000131,1,00,00
20100128140750R:A0404,0010,  00000131,00,00
20100128140754R:A0401,0010,  00000081,0,00
20100128140755S:A0402,0010,  00000081,0,00,00
20100128140800R:A0404,0010,  00000081,00,00
20100128142443R:A0401,0010,  00001145,0,00
20100128142443S:A0402,0010,  00001145,1,00,00
20100128142451R:A0404,0010,  00001145,00,00
20100128142455R:A0401,0010,  00000123,0,00
20100128142455S:A0402,0010,  00000123,0,00,00
20100128142501R:A0404,0010,  00000123,00,00
20100128142506R:A0401,0010,  00000127,0,00
20100128142506S:A0402,0010,  00000127,0,00,00
20100128142512R:A0404,0010,  00000127,00,00
20100128142529R:A0401,0010,  00000066,0,00
20100128142529S:A0402,0010,  00000066,1,00,00
20100128142537R:A0404,0010,  00000066,00,00
20100128142541R:A0401,0010,  00000163,0,00
20100128142541S:A0402,0010,  00000163,0,00,00
20100128142547R:A0404,0010,  00000163,00,00
20100128143647R:A0401,0010,  00000036,0,00
20100128143648S:A0402,0010,  00000036,1,00,00
20100128143656R:A0404,0010,  00000036,00,00
20100128143700R:A0401,0010,  00001299,0,00
20100128143700S:A0402,0010,  00001299,0,00,00
20100128143705R:A0404,0010,  00001299,00,00
20100128143729R:A0401,0010,  00000005,0,00
20100128143729S:A0402,0010,  00000005,1,00,00
20100128143737R:A0404,0010,  00000005,00,00
20100128143741R:A0401,0010,  00000122,0,00
20100128143741S:A0402,0010,  00000122,0,00,00
20100128143747R:A0404,0010,  00000122,00,00
20100128143754R:A0401,0010,  00001286,0,00
20100128143754S:A0402,0010,  00001286,0,00,00
20100128143800R:A0404,0010,  00001286,00,00
20100128144028R:A0401,0010,  00001271,0,00
20100128144028S:A0402,0010,  00001271,1,00,00
20100128144037R:A0404,0010,  00001271,00,00
20100128144040R:A0401,0010,  00000141,0,00
20100128144041S:A0402,0010,  00000141,0,00,00
20100128144046R:A0404,0010,  00000141,00,00
20100128144100R:A0401,0010,  00000090,0,00
20100128144101S:A0402,0010,  00000090,1,00,00
20100128144109R:A0404,0010,  00000090,00,00
20100128144113R:A0401,0010,  00000079,0,00
20100128144113S:A0402,0010,  00000079,0,00,00
20100128144118R:A0404,0010,  00000079,00,00
20100128144933R:A0401,0010,  00000071,0,00
20100128144933S:A0402,0010,  00000071,1,00,00
20100128144941R:A0404,0010,  00000071,00,00
20100128144945R:A0401,0010,  00000097,0,00
20100128144946S:A0402,0010,  00000097,0,00,00
20100128144951R:A0404,0010,  00000097,00,00
20100128144956R:A0401,0010,  00001042,0,00
20100128144957S:A0402,0010,  00001042,0,00,00
20100128145002R:A0404,0010,  00001042,00,00
20100128151056R:A0401,0010,  00001297,0,00
20100128151056S:A0402,0010,  00001297,1,00,00
20100128151104R:A0404,0010,  00001297,00,00
20100128151108R:A0401,0010,  00001136,0,00
20100128151108S:A0402,0010,  00001136,0,00,00
20100128151114R:A0404,0010,  00001136,00,00
20100128151135R:A0401,0010,  00000106,0,00
20100128151135S:A0402,0010,  00000106,1,00,00
20100128151143R:A0404,0010,  00000106,00,00
20100128151147R:A0401,0010,  00000168,0,00
20100128151147S:A0402,0010,  00000168,0,00,00
20100128151153R:A0404,0010,  00000168,00,00
20100128151158R:A0401,0010,  00001266,0,00
20100128151158S:A0402,0010,  00001266,0,00,00
20100128151204R:A0404,0010,  00001266,00,00
20100128151401R:A0401,0010,  00000056,0,00
20100128151401S:A0402,0010,  00000056,1,00,00
20100128151409R:A0404,0010,  00000056,00,00
20100128151415R:A0401,0010,  00000192,0,00
20100128151415S:A0402,0010,  00000192,0,00,00
20100128151420R:A0404,0010,  00000192,00,00
20100128152037R:A0401,0010,  00001159,0,00
20100128152037S:A0402,0010,  00001159,1,00,00
20100128152045R:A0404,0010,  00001159,00,00
20100128152049R:A0401,0010,  00001260,0,00
20100128152049S:A0402,0010,  00001260,0,00,00
20100128152055R:A0404,0010,  00001260,00,00
20100128152110R:A0401,0010,  00001007,0,00
20100128152111S:A0402,0010,  00001007,1,00,00
20100128152119R:A0404,0010,  00001007,00,00
20100128152123R:A0401,0010,  00001030,0,00
20100128152123S:A0402,0010,  00001030,0,00,00
20100128152128R:A0404,0010,  00001030,00,00
20100128152144R:A0401,0010,  00001267,0,00
20100128152144S:A0402,0010,  00001267,1,00,00
20100128152152R:A0404,0010,  00001267,00,00
20100128152156R:A0401,0010,  00001177,0,00
20100128152156S:A0402,0010,  00001177,0,00,00
20100128152202R:A0404,0010,  00001177,00,00
20100128153256R:A0401,0010,  00000100,0,00
20100128153256S:A0402,0010,  00000100,0,00,00
20100128153302R:A0404,0010,  00000100,00,00
20100128153308R:A0401,0010,  00001270,0,00
20100128153308S:A0402,0010,  00001270,1,00,00
20100128153316R:A0404,0010,  00001270,00,00
20100128153321R:A0401,0010,  00000128,0,00
20100128153321S:A0402,0010,  00000128,0,00,00
20100128153326R:A0404,0010,  00000128,00,00
20100128153331R:A0401,0010,  00001295,0,00
20100128153331S:A0402,0010,  00001295,0,00,00
20100128153337R:A0404,0010,  00001295,00,00
20100128154510R:A0401,0010,  00000123,0,00
20100128154511S:A0402,0010,  00000123,1,00,00
20100128154519R:A0404,0010,  00000123,00,00
20100128154524R:A0401,0010,  00001158,0,00
20100128154524S:A0402,0010,  00001158,0,00,00
20100128154530R:A0404,0010,  00001158,00,00
20100128155323R:A0401,0010,  00000147,0,00
20100128155323S:A0402,0010,  00000147,1,00,00
20100128155331R:A0404,0010,  00000147,00,00
20100128155336R:A0401,0010,  00001021,0,00
20100128155336S:A0402,0010,  00001021,0,00,00
20100128155342R:A0404,0010,  00001021,00,00
