20100128072711S:A1500,0015,  00000148,1, 0,00
20100128072711R:I1503,0 15,0101, 0, 0, 0, 0
20100128072722S:A1500,0015,  00000179,1, 0,00
20100128072739S:A1500,0015,  00000193,1, 0,00
20100128072740R:A1501,0 15,  00000148,0, 0
20100128072740R:A1510,0 15,  00000148, 1, 0, 0, 0
20100128072749R:A1510,0 15,  00000148, 9, 0, 0, 0
20100128072754R:A1503,0 15,  00000148, 0, 0
20100128072754S:A1503,0015,  00000148,01,00
20100128072801S:A1500,0015,  00000091,1, 0,00
20100128072803R:A1501,0 15,  00000179,0, 0
20100128072803R:A1510,0 15,  00000179, 1, 0, 1, 0
20100128072812R:A1510,0 15,  00000179, 9, 0, 1, 0
20100128072814R:U1500,0 15,  00000148, 0
20100128072814S:U1500,0 15,  00000148,00
20100128072823R:A1504,0 15,  00000148, 0, 0
20100128072823R:A1503,0 15,  00000179, 0, 0
20100128072824S:A1503,0015,  00000179,01,00
20100128072824S:A1500,0015,  00001152,1, 0,00
20100128072830R:U1500,0 15,  00000179, 0
20100128072830S:U1500,0 15,  00000179,00
20100128072903R:A1504,0 15,  00000179, 0, 0
20100128072915R:A1501,0 15,  00000193,0, 0
20100128072915R:A1510,0 15,  00000193, 1, 0, 0, 0
20100128072924R:A1510,0 15,  00000193, 9, 0, 0, 0
20100128072928R:A1503,0 15,  00000193, 0, 0
20100128072929S:A1503,0015,  00000193,01,00
20100128072936S:A1500,0015,  00001217,1, 0,00
20100128072937R:A1501,0 15,  00000091,0, 0
20100128072937R:A1510,0 15,  00000091, 1, 0, 1, 0
20100128072946R:A1510,0 15,  00000091, 9, 0, 1, 0
20100128072948R:U1500,0 15,  00000193, 0
20100128072948S:U1500,0 15,  00000193,00
20100128072958R:A1504,0 15,  00000193, 0, 0
20100128072958R:A1503,0 15,  00000091, 0, 0
20100128072958S:A1503,0015,  00000091,01,00
20100128072959S:A1500,0015,  00001270,1, 0,00
20100128073004R:U1500,0 15,  00000091, 0
20100128073004S:U1500,0 15,  00000091,00
20100128073031R:A1504,0 15,  00000091, 0, 0
20100128073043R:A1501,0 15,  00001152,0, 0
20100128073043R:A1510,0 15,  00001152, 1, 0, 0, 0
20100128073052R:A1510,0 15,  00001152, 9, 0, 0, 0
20100128073057R:A1503,0 15,  00001152, 0, 0
20100128073057S:A1503,0015,  00001152,01,00
20100128073104S:A1500,0015,  00000098,1, 0,00
20100128073105R:A1501,0 15,  00001217,0, 0
20100128073105R:A1510,0 15,  00001217, 1, 0, 1, 0
20100128073114R:A1510,0 15,  00001217, 9, 0, 1, 0
20100128073116R:U1500,0 15,  00001152, 0
20100128073116S:U1500,0 15,  00001152,00
20100128073126R:A1504,0 15,  00001152, 0, 0
20100128073126R:A1503,0 15,  00001217, 0, 0
20100128073126S:A1503,0015,  00001217,01,00
20100128073132R:U1500,0 15,  00001217, 0
20100128073132S:U1500,0 15,  00001217,00
20100128073205R:A1504,0 15,  00001217, 0, 0
20100128073217R:A1501,0 15,  00001270,0, 0
20100128073218R:A1510,0 15,  00001270, 1, 0, 0, 0
20100128073227R:A1510,0 15,  00001270, 9, 0, 0, 0
20100128073231R:A1503,0 15,  00001270, 0, 0
20100128073231S:A1503,0015,  00001270,01,00
20100128073240R:A1501,0 15,  00000098,0, 0
20100128073240R:A1510,0 15,  00000098, 1, 0, 1, 0
20100128073249R:A1510,0 15,  00000098, 9, 0, 1, 0
20100128073251R:U1500,0 15,  00001270, 0
20100128073251S:U1500,0 15,  00001270,00
20100128073300R:A1504,0 15,  00001270, 0, 0
20100128073300R:A1503,0 15,  00000098, 0, 0
20100128073301S:A1503,0015,  00000098,01,00
20100128073307R:U1500,0 15,  00000098, 0
20100128073307S:U1500,0 15,  00000098,00
20100128073316S:A1500,0015,  00001149,1, 0,00
20100128073340R:A1504,0 15,  00000098, 0, 0
20100128073350S:A1500,0015,  00000092,1, 0,00
20100128073352R:A1501,0 15,  00001149,0, 0
20100128073352R:A1510,0 15,  00001149, 1, 0, 0, 0
20100128073401R:A1510,0 15,  00001149, 9, 0, 0, 0
20100128073406R:A1503,0 15,  00001149, 0, 0
20100128073406S:A1503,0015,  00001149,01,00
20100128073412R:U1500,0 15,  00001149, 0
20100128073412S:U1500,0 15,  00001149,00
20100128073414R:A1504,0 15,  00001149, 0, 0
20100128073427R:A1501,0 15,  00000092,0, 0
20100128073427R:A1510,0 15,  00000092, 1, 0, 0, 0
20100128073436R:A1510,0 15,  00000092, 9, 0, 0, 0
20100128073440R:A1503,0 15,  00000092, 0, 0
20100128073440S:A1503,0015,  00000092,01,00
20100128073446R:U1500,0 15,  00000092, 0
20100128073446S:U1500,0 15,  00000092,00
20100128073454R:A1504,0 15,  00000092, 0, 0
20100128073454R:I1503,0 15,0100, 0, 0, 0, 0
20100128074339S:A1500,0015,  00001036,1, 0,00
20100128074339R:I1503,0 15,0101, 0, 0, 0, 0
20100128074426S:A1500,0015,  00000071,1, 0,00
20100128074439S:A1500,0015,  00000014,1, 0,00
20100128074659S:A1500,0015,  00001132,1, 0,00
20100128074714S:A1500,0015,  00001031,1, 0,00
20100128075125S:A1500,0015,  00001129,1, 0,00
20100128075137S:A1500,0015,  00001184,1, 0,00
20100128075412S:A1500,0015,  00001265,1, 0,00
20100128075430S:A1500,0015,  00000083,1, 0,00
20100128075445S:A1500,0015,  00000146,1, 0,00
20100128075536R:A1501,0 15,  00001036,0, 0
20100128075537R:A1510,0 15,  00001036, 1, 0, 0, 0
20100128075546R:A1510,0 15,  00001036, 9, 0, 0, 0
20100128075550R:A1503,0 15,  00001036, 0, 0
20100128075550S:A1503,0015,  00001036,01,00
20100128075554R:A1501,0 15,  00000071,0, 0
20100128075554R:A1510,0 15,  00000071, 1, 0, 1, 0
20100128075603R:A1510,0 15,  00000071, 9, 0, 1, 0
20100128075605R:U1500,0 15,  00001036, 0
20100128075605S:U1500,0 15,  00001036,00
20100128075607S:A1500,0015,  00000198,1, 0,00
20100128075614R:A1504,0 15,  00001036, 0, 0
20100128075614R:A1503,0 15,  00000071, 0, 0
20100128075615S:A1503,0015,  00000071,01,00
20100128075620R:U1500,0 15,  00000071, 0
20100128075620S:U1500,0 15,  00000071,00
20100128075654R:A1504,0 15,  00000071, 0, 0
20100128075706R:A1501,0 15,  00000014,0, 0
20100128075706R:A1510,0 15,  00000014, 1, 0, 0, 0
20100128075715R:A1510,0 15,  00000014, 9, 0, 0, 0
20100128075720R:A1503,0 15,  00000014, 0, 0
20100128075720S:A1503,0015,  00000014,01,00
20100128075726R:U1500,0 15,  00000014, 0
20100128075726S:U1500,0 15,  00000014,00
20100128075728R:A1504,0 15,  00000014, 0, 0
20100128075752R:A1501,0 15,  00001132,0, 0
20100128075752R:A1510,0 15,  00001132, 1, 0, 0, 0
20100128075801R:A1510,0 15,  00001132, 9, 0, 0, 0
20100128075806R:A1503,0 15,  00001132, 0, 0
20100128075806S:A1503,0015,  00001132,01,00
20100128075812R:U1500,0 15,  00001132, 0
20100128075812S:U1500,0 15,  00001132,00
20100128075815R:A1504,0 15,  00001132, 0, 0
20100128075817S:A1500,0015,  00000080,1, 0,00
20100128075918R:A1501,0 15,  00001031,0, 0
20100128075918R:A1510,0 15,  00001031, 1, 0, 0, 0
20100128075927R:A1510,0 15,  00001031, 9, 0, 0, 0
20100128075931R:A1503,0 15,  00001031, 0, 0
20100128075931S:A1503,0015,  00001031,01,00
20100128075937R:U1500,0 15,  00001031, 0
20100128075937S:U1500,0 15,  00001031,00
20100128075940R:A1504,0 15,  00001031, 0, 0
20100128080242S:A1500,0015,  00000001,1, 0,00
20100128080415S:A1500,0015,  00001278,1, 0,00
20100128080614R:A1501,0 15,  00001129,0, 0
20100128080614R:A1510,0 15,  00001129, 1, 0, 0, 0
20100128080623R:A1510,0 15,  00001129, 9, 0, 0, 0
20100128080627R:A1503,0 15,  00001129, 0, 0
20100128080628S:A1503,0015,  00001129,01,00
20100128080635R:A1501,0 15,  00001184,0, 0
20100128080636R:A1510,0 15,  00001184, 1, 0, 1, 0
20100128080645R:A1510,0 15,  00001184, 9, 0, 1, 0
20100128080647R:U1500,0 15,  00001129, 0
20100128080647S:U1500,0 15,  00001129,00
20100128080656R:A1504,0 15,  00001129, 0, 0
20100128080656R:A1503,0 15,  00001184, 0, 0
20100128080657S:A1503,0015,  00001184,01,00
20100128080702R:U1500,0 15,  00001184, 0
20100128080702S:U1500,0 15,  00001184,00
20100128080735S:A1500,0015,  00000182,1, 0,00
20100128080736R:A1504,0 15,  00001184, 0, 0
20100128080824S:A1500,0015,  00000112,1, 0,00
20100128080835S:A1500,0015,  00001294,1, 0,00
20100128080853S:A1500,0015,  00000049,1, 0,00
20100128080904S:A1500,0015,  00000052,1, 0,00
20100128080924R:A1501,0 15,  00001265,0, 0
20100128080924R:A1510,0 15,  00001265, 1, 0, 0, 0
20100128080930S:A1500,0015,  00001285,1, 0,00
20100128080933R:A1510,0 15,  00001265, 9, 0, 0, 0
20100128080937R:A1503,0 15,  00001265, 0, 0
20100128080938S:A1503,0015,  00001265,01,00
20100128080945R:A1501,0 15,  00000083,0, 0
20100128080945R:A1510,0 15,  00000083, 1, 0, 1, 0
20100128080954R:A1510,0 15,  00000083, 9, 0, 1, 0
20100128080956R:U1500,0 15,  00001265, 0
20100128080956S:U1500,0 15,  00001265,00
20100128080957S:A1500,0015,  00001016,1, 0,00
20100128081005R:A1504,0 15,  00001265, 0, 0
20100128081005R:A1503,0 15,  00000083, 0, 0
20100128081006S:A1503,0015,  00000083,01,00
20100128081012R:U1500,0 15,  00000083, 0
20100128081012S:U1500,0 15,  00000083,00
20100128081045R:A1504,0 15,  00000083, 0, 0
20100128081047S:A1500,0015,  00000114,1, 0,00
20100128081057R:A1501,0 15,  00000146,0, 0
20100128081057R:A1510,0 15,  00000146, 1, 0, 0, 0
20100128081102S:A1500,0015,  00000136,1, 0,00
20100128081106R:A1510,0 15,  00000146, 9, 0, 0, 0
20100128081111R:A1503,0 15,  00000146, 0, 0
20100128081111S:A1503,0015,  00000146,01,00
20100128081117R:U1500,0 15,  00000146, 0
20100128081117S:U1500,0 15,  00000146,00
20100128081125R:A1504,0 15,  00000146, 0, 0
20100128081127S:A1500,0015,  00000038,1, 0,00
20100128081146S:A1500,0015,  00000180,1, 0,00
20100128081215S:A1500,0015,  00000183,1, 0,00
20100128081227S:A1500,0015,  00000007,1, 0,00
20100128081244S:A1500,0015,  00001272,1, 0,00
20100128081339S:A1500,0015,  00001036,1, 0,00
20100128081352S:A1500,0015,  00000071,1, 0,00
20100128081503R:A1501,0 15,  00000001,0, 0
20100128081503R:A1510,0 15,  00000001, 1, 0, 0, 0
20100128081512R:A1510,0 15,  00000001, 9, 0, 0, 0
20100128081517R:A1503,0 15,  00000001, 0, 0
20100128081517S:A1503,0015,  00000001,01,00
20100128081523R:U1500,0 15,  00000001, 0
20100128081523S:U1500,0 15,  00000001,00
20100128081526R:A1504,0 15,  00000001, 0, 0
20100128081622S:A1500,0015,  00000075,1, 0,00
20100128081639R:A1501,0 15,  00000198,0, 0
20100128081639R:A1510,0 15,  00000198, 1, 0, 0, 0
20100128081648R:A1510,0 15,  00000198, 9, 0, 0, 0
20100128081652R:A1503,0 15,  00000198, 0, 0
20100128081653S:A1503,0015,  00000198,01,00
20100128081700R:A1501,0 15,  00000080,0, 0
20100128081701R:A1510,0 15,  00000080, 1, 0, 1, 0
20100128081710R:A1510,0 15,  00000080, 9, 0, 1, 0
20100128081712R:U1500,0 15,  00000198, 0
20100128081712S:U1500,0 15,  00000198,00
20100128081721R:A1504,0 15,  00000198, 0, 0
20100128081721R:A1503,0 15,  00000080, 0, 0
20100128081722S:A1503,0015,  00000080,01,00
20100128081727R:U1500,0 15,  00000080, 0
20100128081727S:U1500,0 15,  00000080,00
20100128081754R:A1504,0 15,  00000080, 0, 0
20100128081848S:A1500,0015,  00000014,1, 0,00
20100128081900S:A1500,0015,  00001132,1, 0,00
20100128081938R:A1501,0 15,  00001278,0, 0
20100128081938R:A1510,0 15,  00001278, 1, 0, 0, 0
20100128081947R:A1510,0 15,  00001278, 9, 0, 0, 0
20100128081952R:A1503,0 15,  00001278, 0, 0
20100128081952S:A1503,0015,  00001278,01,00
20100128081958R:U1500,0 15,  00001278, 0
20100128081958S:U1500,0 15,  00001278,00
20100128082001R:A1504,0 15,  00001278, 0, 0
20100128082058R:A1501,0 15,  00000182,0, 0
20100128082058R:A1510,0 15,  00000182, 1, 0, 0, 0
20100128082107R:A1510,0 15,  00000182, 9, 0, 0, 0
20100128082112R:A1503,0 15,  00000182, 0, 0
20100128082112S:A1503,0015,  00000182,01,00
20100128082115R:A1501,0 15,  00000112,0, 0
20100128082115R:A1510,0 15,  00000112, 1, 0, 1, 0
20100128082124R:A1510,0 15,  00000112, 9, 0, 1, 0
20100128082126R:U1500,0 15,  00000182, 0
20100128082126S:U1500,0 15,  00000182,00
20100128082135R:A1504,0 15,  00000182, 0, 0
20100128082135R:A1503,0 15,  00000112, 0, 0
20100128082136S:A1503,0015,  00000112,01,00
20100128082142R:U1500,0 15,  00000112, 0
20100128082142S:U1500,0 15,  00000112,00
20100128082215R:A1504,0 15,  00000112, 0, 0
20100128082232S:A1500,0015,  00001268,1, 0,00
20100128082243S:A1500,0015,  00000125,1, 0,00
20100128082254S:A1500,0015,  00000155,1, 0,00
20100128082614R:A1501,0 15,  00000136,0, 0
20100128082615R:A1510,0 15,  00000136, 1, 0, 0, 0
20100128082623R:A1510,0 15,  00000136, 9, 0, 0, 0
20100128082628R:A1503,0 15,  00000136, 0, 0
20100128082628S:A1503,0015,  00000136,01,00
20100128082630R:A1501,0 15,  00000038,0, 0
20100128082631R:A1510,0 15,  00000038, 1, 0, 1, 0
20100128082640R:A1510,0 15,  00000038, 9, 0, 1, 0
20100128082642R:U1500,0 15,  00000136, 0
20100128082642S:U1500,0 15,  00000136,00
20100128082651R:A1504,0 15,  00000136, 0, 0
20100128082651R:A1503,0 15,  00000038, 0, 0
20100128082652S:A1503,0015,  00000038,01,00
20100128082702R:A1501,0 15,  00000180,0, 0
20100128082702R:A1510,0 15,  00000180, 1, 0, 1, 0
20100128082708R:U1500,0 15,  00000038, 0
20100128082708S:U1500,0 15,  00000038,00
20100128082712R:A1510,0 15,  00000180, 9, 0, 0, 0
20100128082731R:A1504,0 15,  00000038, 0, 0
20100128082731R:A1503,0 15,  00000180, 0, 0
20100128082731S:A1503,0015,  00000180,01,00
20100128082737R:U1500,0 15,  00000180, 0
20100128082737S:U1500,0 15,  00000180,00
20100128082811R:A1504,0 15,  00000180, 0, 0
20100128082819S:A1500,0015,  00001129,1, 0,00
20100128082823R:A1501,0 15,  00001294,0, 0
20100128082823R:A1510,0 15,  00001294, 1, 0, 0, 0
20100128082832R:A1510,0 15,  00001294, 9, 0, 0, 0
20100128082834S:A1500,0015,  00001184,1, 0,00
20100128082836R:A1503,0 15,  00001294, 0, 0
20100128082837S:A1503,0015,  00001294,01,00
20100128082844R:A1501,0 15,  00000049,0, 0
20100128082844R:A1510,0 15,  00000049, 1, 0, 1, 0
20100128082853R:A1510,0 15,  00000049, 9, 0, 1, 0
20100128082855R:U1500,0 15,  00001294, 0
20100128082855S:U1500,0 15,  00001294,00
20100128082904R:A1504,0 15,  00001294, 0, 0
20100128082904R:A1503,0 15,  00000049, 0, 0
20100128082905S:A1503,0015,  00000049,01,00
20100128082911R:U1500,0 15,  00000049, 0
20100128082911S:U1500,0 15,  00000049,00
20100128082944R:A1504,0 15,  00000049, 0, 0
20100128082956R:A1501,0 15,  00000052,0, 0
20100128082956R:A1510,0 15,  00000052, 1, 0, 0, 0
20100128083005R:A1510,0 15,  00000052, 9, 0, 0, 0
20100128083008S:A1500,0015,  00000083,1, 0,00
20100128083009R:A1503,0 15,  00000052, 0, 0
20100128083010S:A1503,0015,  00000052,01,00
20100128083015R:U1500,0 15,  00000052, 0
20100128083015S:U1500,0 15,  00000052,00
20100128083024R:A1504,0 15,  00000052, 0, 0
20100128083036R:A1501,0 15,  00001285,0, 0
20100128083036R:A1510,0 15,  00001285, 1, 0, 0, 0
20100128083045R:A1510,0 15,  00001285, 9, 0, 0, 0
20100128083050R:A1503,0 15,  00001285, 0, 0
20100128083050S:A1503,0015,  00001285,01,00
20100128083051R:A1501,0 15,  00000183,0, 0
20100128083052R:A1510,0 15,  00000183, 1, 0, 1, 0
20100128083100R:A1510,0 15,  00000183, 9, 0, 1, 0
20100128083102R:U1500,0 15,  00001285, 0
20100128083102S:U1500,0 15,  00001285,00
20100128083105S:A1500,0015,  00000131,1, 0,00
20100128083112R:A1504,0 15,  00001285, 0, 0
20100128083112R:A1503,0 15,  00000183, 0, 0
20100128083116S:A1500,0015,  00001255,1, 0,00
20100128083124R:A1501,0 15,  00001016,0, 0
20100128083124R:A1510,0 15,  00001016, 1, 0, 1, 0
20100128083133R:A1510,0 15,  00001016, 9, 0, 1, 0
20100128083134S:A1503,0015,  00000183,01,00
20100128083140R:U1500,0 15,  00000183, 0
20100128083140S:U1500,0 15,  00000183,00
20100128083151R:A1504,0 15,  00000183, 0, 0
20100128083151R:A1503,0 15,  00001016, 0, 0
20100128083204R:A1501,0 15,  00000114,0, 0
20100128083204R:A1510,0 15,  00000114, 1, 0, 1, 0
20100128083213R:A1510,0 15,  00000114, 9, 0, 1, 0
20100128083221S:A1503,0015,  00001016,01,00
20100128083226R:U1500,0 15,  00001016, 0
20100128083226S:U1500,0 15,  00001016,00
20100128083227S:A1500,0015,  00001031,1, 0,00
20100128083231R:A1504,0 15,  00001016, 0, 0
20100128083231R:A1503,0 15,  00000114, 0, 0
20100128083242R:A1501,0 15,  00000007,0, 0
20100128083242R:A1510,0 15,  00000007, 1, 0, 1, 0
20100128083251R:A1510,0 15,  00000007, 9, 0, 1, 0
20100128083259R:A1501,0 15,  00001272,0, 0
20100128083259R:A1510,0 15,  00001272, 1, 0, 2, 0
20100128083308R:A1510,0 15,  00001272, 9, 0, 2, 0
20100128083313S:A1503,0015,  00000114,01,00
20100128083319R:U1500,0 15,  00000114, 0
20100128083319S:U1500,0 15,  00000114,00
20100128083322R:A1504,0 15,  00000114, 0, 0
20100128083322R:A1503,0 15,  00000007, 0, 0
20100128083334S:A1500,0015,  00000112,1, 0,00
20100128083346S:A1500,0015,  00000182,1, 0,00
20100128083400S:A1503,0015,  00000007,01,00
20100128083406R:U1500,0 15,  00000007, 0
20100128083406S:U1500,0 15,  00000007,00
20100128083409R:A1504,0 15,  00000007, 0, 0
20100128083409R:A1503,0 15,  00001272, 0, 0
20100128083411S:A1500,0015,  00000040,1, 0,00
20100128083430S:A1500,0015,  00001261,1, 0,00
20100128083441S:A1500,0015,  00001032,1, 0,00
20100128083446S:A1503,0015,  00001272,01,00
20100128083451R:U1500,0 15,  00001272, 0
20100128083451S:U1500,0 15,  00001272,00
20100128083454R:A1504,0 15,  00001272, 0, 0
20100128083506S:A1500,0015,  00001223,1, 0,00
20100128083636R:A1501,0 15,  00001036,0, 0
20100128083636R:A1510,0 15,  00001036, 1, 0, 0, 0
20100128083645R:A1510,0 15,  00001036, 9, 0, 0, 0
20100128083649R:A1503,0 15,  00001036, 0, 0
20100128083650S:A1503,0015,  00001036,01,00
20100128083652R:A1501,0 15,  00000071,0, 0
20100128083652R:A1510,0 15,  00000071, 1, 0, 1, 0
20100128083701R:A1510,0 15,  00000071, 9, 0, 1, 0
20100128083703R:U1500,0 15,  00001036, 0
20100128083703S:U1500,0 15,  00001036,00
20100128083712R:A1504,0 15,  00001036, 0, 0
20100128083712R:A1503,0 15,  00000071, 0, 0
20100128083713S:A1503,0015,  00000071,01,00
20100128083718R:U1500,0 15,  00000071, 0
20100128083719S:U1500,0 15,  00000071,00
20100128083752R:A1504,0 15,  00000071, 0, 0
20100128083805R:A1501,0 15,  00000075,0, 0
20100128083806R:A1510,0 15,  00000075, 1, 0, 0, 0
20100128083815R:A1510,0 15,  00000075, 9, 0, 0, 0
20100128083819R:A1503,0 15,  00000075, 0, 0
20100128083819S:A1503,0015,  00000075,01,00
20100128083829R:A1501,0 15,  00000014,0, 0
20100128083829R:A1510,0 15,  00000014, 1, 0, 1, 0
20100128083835R:U1500,0 15,  00000075, 0
20100128083835S:U1500,0 15,  00000075,00
20100128083838R:A1504,0 15,  00000075, 0, 0
20100128083838R:A1510,0 15,  00000014, 9, 0, 0, 0
20100128083845R:A1503,0 15,  00000014, 0, 0
20100128083846S:A1503,0015,  00000014,01,00
20100128083850R:A1501,0 15,  00001132,0, 0
20100128083850R:A1510,0 15,  00001132, 1, 0, 1, 0
20100128083859R:A1510,0 15,  00001132, 9, 0, 1, 0
20100128083901R:U1500,0 15,  00000014, 0
20100128083901S:U1500,0 15,  00000014,00
20100128083918R:A1504,0 15,  00000014, 0, 0
20100128083918R:A1503,0 15,  00001132, 0, 0
20100128083918S:A1503,0015,  00001132,01,00
20100128083924R:U1500,0 15,  00001132, 0
20100128083924S:U1500,0 15,  00001132,00
20100128083957R:A1504,0 15,  00001132, 0, 0
20100128084009R:A1501,0 15,  00001268,0, 0
20100128084010R:A1510,0 15,  00001268, 1, 0, 0, 0
20100128084015S:A1500,0015,  00001278,1, 0,00
20100128084019R:A1510,0 15,  00001268, 9, 0, 0, 0
20100128084023R:A1503,0 15,  00001268, 0, 0
20100128084023S:A1503,0015,  00001268,01,00
20100128084029R:U1500,0 15,  00001268, 0
20100128084029S:U1500,0 15,  00001268,00
20100128084038R:A1504,0 15,  00001268, 0, 0
20100128084055R:A1501,0 15,  00000125,0, 0
20100128084055R:A1510,0 15,  00000125, 1, 0, 0, 0
20100128084104R:A1510,0 15,  00000125, 9, 0, 0, 0
20100128084109R:A1503,0 15,  00000125, 0, 0
20100128084109S:A1503,0015,  00000125,01,00
20100128084117R:A1501,0 15,  00000155,0, 0
20100128084117R:A1510,0 15,  00000155, 1, 0, 1, 0
20100128084126R:A1510,0 15,  00000155, 9, 0, 1, 0
20100128084128R:U1500,0 15,  00000125, 0
20100128084128S:U1500,0 15,  00000125,00
20100128084137R:A1504,0 15,  00000125, 0, 0
20100128084137R:A1503,0 15,  00000155, 0, 0
20100128084138S:A1503,0015,  00000155,01,00
20100128084144R:U1500,0 15,  00000155, 0
20100128084144S:U1500,0 15,  00000155,00
20100128084217R:A1504,0 15,  00000155, 0, 0
20100128084458S:A1500,0015,  00001258,1, 0,00
20100128084511S:A1500,0015,  00000005,1, 0,00
20100128084528R:A1501,0 15,  00000131,0, 0
20100128084528R:A1510,0 15,  00000131, 1, 0, 0, 0
20100128084537R:A1510,0 15,  00000131, 9, 0, 0, 0
20100128084541R:A1503,0 15,  00000131, 0, 0
20100128084542S:A1503,0015,  00000131,01,00
20100128084548R:U1500,0 15,  00000131, 0
20100128084548S:U1500,0 15,  00000131,00
20100128084550R:A1504,0 15,  00000131, 0, 0
20100128084735R:A1501,0 15,  00000112,0, 0
20100128084735R:A1510,0 15,  00000112, 1, 0, 0, 0
20100128084744R:A1510,0 15,  00000112, 9, 0, 0, 0
20100128084748R:A1503,0 15,  00000112, 0, 0
20100128084749S:A1503,0015,  00000112,01,00
20100128084751R:A1501,0 15,  00000040,0, 0
20100128084751R:A1510,0 15,  00000040, 1, 0, 1, 0
20100128084800R:A1510,0 15,  00000040, 9, 0, 1, 0
20100128084802R:U1500,0 15,  00000112, 0
20100128084802S:U1500,0 15,  00000112,00
20100128084811R:A1504,0 15,  00000112, 0, 0
20100128084811R:A1503,0 15,  00000040, 0, 0
20100128084812S:A1503,0015,  00000040,01,00
20100128084818R:U1500,0 15,  00000040, 0
20100128084818S:U1500,0 15,  00000040,00
20100128084845R:A1504,0 15,  00000040, 0, 0
20100128084858R:A1501,0 15,  00001129,0, 0
20100128084858R:A1510,0 15,  00001129, 1, 0, 0, 0
20100128084907S:A1500,0015,  00000132,1, 0,00
20100128084907R:A1510,0 15,  00001129, 9, 0, 0, 0
20100128084912R:A1503,0 15,  00001129, 0, 0
20100128084912S:A1503,0015,  00001129,01,00
20100128084919R:A1501,0 15,  00001184,0, 0
20100128084919R:A1510,0 15,  00001184, 1, 0, 1, 0
20100128084928R:A1510,0 15,  00001184, 9, 0, 1, 0
20100128084930R:U1500,0 15,  00001129, 0
20100128084930S:U1500,0 15,  00001129,00
20100128084939R:A1504,0 15,  00001129, 0, 0
20100128084940R:A1503,0 15,  00001184, 0, 0
20100128084941S:A1503,0015,  00001184,01,00
20100128084952R:A1501,0 15,  00000083,0, 0
20100128084952R:A1510,0 15,  00000083, 1, 0, 1, 0
20100128084957R:U1500,0 15,  00001184, 0
20100128084957S:U1500,0 15,  00001184,00
20100128085001R:A1510,0 15,  00000083, 9, 0, 0, 0
20100128085006R:A1504,0 15,  00001184, 0, 0
20100128085008R:A1503,0 15,  00000083, 0, 0
20100128085008S:A1503,0015,  00000083,01,00
20100128085014R:U1500,0 15,  00000083, 0
20100128085014S:U1500,0 15,  00000083,00
20100128085040R:A1504,0 15,  00000083, 0, 0
20100128085051R:A1501,0 15,  00001261,0, 0
20100128085051R:A1510,0 15,  00001261, 1, 0, 0, 0
20100128085100R:A1510,0 15,  00001261, 9, 0, 0, 0
20100128085105R:A1503,0 15,  00001261, 0, 0
20100128085105S:A1503,0015,  00001261,01,00
20100128085113R:A1501,0 15,  00001255,0, 0
20100128085113R:A1510,0 15,  00001255, 1, 0, 1, 0
20100128085122R:A1510,0 15,  00001255, 9, 0, 1, 0
20100128085124R:U1500,0 15,  00001261, 0
20100128085124S:U1500,0 15,  00001261,00
20100128085133R:A1504,0 15,  00001261, 0, 0
20100128085133R:A1503,0 15,  00001255, 0, 0
20100128085134S:A1503,0015,  00001255,01,00
20100128085140R:U1500,0 15,  00001255, 0
20100128085140S:U1500,0 15,  00001255,00
20100128085213R:A1504,0 15,  00001255, 0, 0
20100128085222S:A1500,0015,  00000094,1, 0,00
20100128085227R:A1501,0 15,  00001031,0, 0
20100128085227R:A1510,0 15,  00001031, 1, 0, 0, 0
20100128085234S:A1500,0015,  00001219,1, 0,00
20100128085236R:A1510,0 15,  00001031, 9, 0, 0, 0
20100128085240R:A1503,0 15,  00001031, 0, 0
20100128085241S:A1503,0015,  00001031,01,00
20100128085245S:A1500,0015,  00001134,1, 0,00
20100128085246R:U1500,0 15,  00001031, 0
20100128085246S:U1500,0 15,  00001031,00
20100128085253R:A1504,0 15,  00001031, 0, 0
20100128085305R:A1501,0 15,  00000182,0, 0
20100128085306R:A1510,0 15,  00000182, 1, 0, 0, 0
20100128085315R:A1510,0 15,  00000182, 9, 0, 0, 0
20100128085315S:A1500,0015,  00001130,1, 0,00
20100128085319R:A1503,0 15,  00000182, 0, 0
20100128085320S:A1503,0015,  00000182,01,00
20100128085325R:U1500,0 15,  00000182, 0
20100128085325S:U1500,0 15,  00000182,00
20100128085332S:A1500,0015,  00001265,1, 0,00
20100128085333R:A1504,0 15,  00000182, 0, 0
20100128085349S:A1500,0015,  00000146,1, 0,00
20100128085409S:A1500,0015,  00001287,1, 0,00
20100128085425S:A1500,0015,  00001290,1, 0,00
20100128085442S:A1500,0015,  00001026,1, 0,00
20100128085458S:A1500,0015,  00001118,1, 0,00
20100128085514S:A1500,0015,  00000102,1, 0,00
20100128085536S:A1500,0015,  00000088,1, 0,00
20100128085556S:A1500,0015,  00000180,1, 0,00
20100128085615S:A1500,0015,  00000080,1, 0,00
20100128090009R:A1501,0 15,  00001032,0, 0
20100128090009R:A1510,0 15,  00001032, 1, 0, 0, 0
20100128090018R:A1510,0 15,  00001032, 9, 0, 0, 0
20100128090023R:A1503,0 15,  00001032, 0, 0
20100128090023S:A1503,0015,  00001032,01,00
20100128090030R:A1501,0 15,  00001223,0, 0
20100128090030R:A1510,0 15,  00001223, 1, 0, 1, 0
20100128090039R:A1510,0 15,  00001223, 9, 0, 1, 0
20100128090041R:U1500,0 15,  00001032, 0
20100128090041S:U1500,0 15,  00001032,00
20100128090051R:A1504,0 15,  00001032, 0, 0
20100128090051R:A1503,0 15,  00001223, 0, 0
20100128090052S:A1503,0015,  00001223,01,00
20100128090103R:A1501,0 15,  00001278,0, 0
20100128090103R:A1510,0 15,  00001278, 1, 0, 1, 0
20100128090109R:U1500,0 15,  00001223, 0
20100128090109S:U1500,0 15,  00001223,00
20100128090112R:A1510,0 15,  00001278, 9, 0, 0, 0
20100128090130R:A1504,0 15,  00001223, 0, 0
20100128090131R:A1503,0 15,  00001278, 0, 0
20100128090132S:A1503,0015,  00001278,01,00
20100128090138R:U1500,0 15,  00001278, 0
20100128090138S:U1500,0 15,  00001278,00
20100128090210R:A1504,0 15,  00001278, 0, 0
20100128090219S:A1500,0015,  00000136,1, 0,00
20100128090230R:A1501,0 15,  00001258,0, 0
20100128090230R:A1510,0 15,  00001258, 1, 0, 0, 0
20100128090239R:A1510,0 15,  00001258, 9, 0, 0, 0
20100128090244R:A1503,0 15,  00001258, 0, 0
20100128090244S:A1503,0015,  00001258,01,00
20100128090245S:A1500,0015,  00001132,1, 0,00
20100128090247R:A1501,0 15,  00000132,0, 0
20100128090247R:A1510,0 15,  00000132, 1, 0, 1, 0
20100128090256R:A1510,0 15,  00000132, 9, 0, 1, 0
20100128090258R:U1500,0 15,  00001258, 0
20100128090258S:U1500,0 15,  00001258,00
20100128090307R:A1504,0 15,  00001258, 0, 0
20100128090308R:A1503,0 15,  00000132, 0, 0
20100128090323R:A1501,0 15,  00000005,0, 0
20100128090323R:A1510,0 15,  00000005, 1, 0, 1, 0
20100128090328S:A1503,0015,  00000132,01,00
20100128090332R:A1510,0 15,  00000005, 9, 0, 1, 0
20100128090334R:U1500,0 15,  00000132, 0
20100128090334S:U1500,0 15,  00000132,00
20100128090347R:A1504,0 15,  00000132, 0, 0
20100128090347R:A1503,0 15,  00000005, 0, 0
20100128090357S:A1503,0015,  00000005,01,00
20100128090403R:U1500,0 15,  00000005, 0
20100128090403S:U1500,0 15,  00000005,00
20100128090427R:A1504,0 15,  00000005, 0, 0
20100128090522S:A1500,0015,  00000038,1, 0,00
20100128090534S:A1500,0015,  00000012,1, 0,00
20100128090620S:A1500,0015,  00000033,1, 0,00
20100128090639S:A1500,0015,  00000140,1, 0,00
20100128090649R:A1501,0 15,  00000033,0, 0
20100128090649R:A1510,0 15,  00000033, 1, 0, 0, 0
20100128090658R:A1510,0 15,  00000033, 9, 0, 0, 0
20100128090703R:A1503,0 15,  00000033, 0, 0
20100128090703S:A1503,0015,  00000033,01,00
20100128090712R:A1501,0 15,  00000140,0, 0
20100128090712R:A1510,0 15,  00000140, 1, 0, 1, 0
20100128090721R:A1510,0 15,  00000140, 9, 0, 1, 0
20100128090723R:U1500,0 15,  00000033, 0
20100128090723S:U1500,0 15,  00000033,00
20100128090732R:A1504,0 15,  00000033, 0, 0
20100128090732R:A1503,0 15,  00000140, 0, 0
20100128090733S:A1503,0015,  00000140,01,00
20100128090739R:U1500,0 15,  00000140, 0
20100128090739S:U1500,0 15,  00000140,00
20100128090812R:A1504,0 15,  00000140, 0, 0
20100128090821R:A1501,0 15,  00001134,0, 0
20100128090822R:A1510,0 15,  00001134, 1, 0, 0, 0
20100128090831R:A1510,0 15,  00001134, 9, 0, 0, 0
20100128090835R:A1503,0 15,  00001134, 0, 0
20100128090835S:A1503,0015,  00001134,01,00
20100128090838R:A1501,0 15,  00001265,0, 0
20100128090838R:A1510,0 15,  00001265, 1, 0, 1, 0
20100128090847R:A1510,0 15,  00001265, 9, 0, 1, 0
20100128090849R:U1500,0 15,  00001134, 0
20100128090849S:U1500,0 15,  00001134,00
20100128090858R:A1504,0 15,  00001134, 0, 0
20100128090858R:A1503,0 15,  00001265, 0, 0
20100128090859S:A1503,0015,  00001265,01,00
20100128090906S:A1500,0015,  00000151,1, 0,00
20100128090910R:A1501,0 15,  00001287,0, 0
20100128090910R:A1510,0 15,  00001287, 1, 0, 1, 0
20100128090916R:U1500,0 15,  00001265, 0
20100128090916S:U1500,0 15,  00001265,00
20100128090919R:A1510,0 15,  00001287, 9, 0, 0, 0
20100128090922S:A1500,0015,  00001273,1, 0,00
20100128090938R:A1504,0 15,  00001265, 0, 0
20100128090938R:A1503,0 15,  00001287, 0, 0
20100128090939S:A1503,0015,  00001287,01,00
20100128090939S:A1500,0015,  00001116,1, 0,00
20100128090945R:U1500,0 15,  00001287, 0
20100128090945S:U1500,0 15,  00001287,00
20100128091018R:A1504,0 15,  00001287, 0, 0
20100128091030R:A1501,0 15,  00000151,0, 0
20100128091030R:A1510,0 15,  00000151, 1, 0, 0, 0
20100128091039R:A1510,0 15,  00000151, 9, 0, 0, 0
20100128091044R:A1503,0 15,  00000151, 0, 0
20100128091044S:A1503,0015,  00000151,01,00
20100128091052R:A1501,0 15,  00001273,0, 0
20100128091053R:A1510,0 15,  00001273, 1, 0, 1, 0
20100128091053S:A1500,0015,  00000188,1, 0,00
20100128091102R:A1510,0 15,  00001273, 9, 0, 1, 0
20100128091104R:U1500,0 15,  00000151, 0
20100128091104S:U1500,0 15,  00000151,00
20100128091113R:A1504,0 15,  00000151, 0, 0
20100128091113R:A1503,0 15,  00001273, 0, 0
20100128091115S:A1503,0015,  00001273,01,00
20100128091125R:A1501,0 15,  00001116,0, 0
20100128091125R:A1510,0 15,  00001116, 1, 0, 1, 0
20100128091131R:U1500,0 15,  00001273, 0
20100128091131S:U1500,0 15,  00001273,00
20100128091134R:A1510,0 15,  00001116, 9, 0, 0, 0
20100128091153R:A1504,0 15,  00001273, 0, 0
20100128091153R:A1503,0 15,  00001116, 0, 0
20100128091205R:A1501,0 15,  00000188,0, 0
20100128091205R:A1510,0 15,  00000188, 1, 0, 1, 0
20100128091213S:A1500,0015,  00001215,1, 0,00
20100128091214R:A1510,0 15,  00000188, 9, 0, 1, 0
20100128091214S:A1503,0015,  00001116,01,00
20100128091225R:A1501,0 15,  00000094,0, 0
20100128091225R:A1510,0 15,  00000094, 1, 0, 2, 0
20100128091226S:A1500,0015,  00001033,1, 0,00
20100128091231R:U1500,0 15,  00001116, 0
20100128091231S:U1500,0 15,  00001116,00
20100128091233R:A1504,0 15,  00001116, 0, 0
20100128091233R:A1503,0 15,  00000188, 0, 0
20100128091234R:A1510,0 15,  00000094, 9, 0, 1, 0
20100128091246R:A1501,0 15,  00001219,0, 0
20100128091246R:A1510,0 15,  00001219, 1, 0, 2, 0
20100128091255R:A1510,0 15,  00001219, 9, 0, 2, 0
20100128091307R:A1501,0 15,  00001130,0, 0
20100128091307R:A1510,0 15,  00001130, 1, 0, 3, 0
20100128091311S:A1503,0015,  00000188,01,00
20100128091316R:A1510,0 15,  00001130, 9, 0, 3, 0
20100128091318R:U1500,0 15,  00000188, 0
20100128091318S:U1500,0 15,  00000188,00
20100128091327R:A1504,0 15,  00000188, 0, 0
20100128091327R:A1503,0 15,  00000094, 0, 0
20100128091339R:A1501,0 15,  00000146,0, 0
20100128091339R:A1510,0 15,  00000146, 1, 0, 3, 0
20100128091348R:A1510,0 15,  00000146, 9, 0, 3, 0
20100128091400R:A1501,0 15,  00001290,0, 0
20100128091400R:A1510,0 15,  00001290, 1, 0, 4, 0
20100128091409R:A1510,0 15,  00001290, 9, 0, 4, 0
20100128091410S:A1503,0015,  00000094,01,00
20100128091416R:U1500,0 15,  00000094, 0
20100128091416S:U1500,0 15,  00000094,00
20100128091419R:A1504,0 15,  00000094, 0, 0
20100128091419R:A1503,0 15,  00001219, 0, 0
20100128091431R:A1501,0 15,  00001026,0, 0
20100128091431R:A1510,0 15,  00001026, 1, 0, 4, 0
20100128091440R:A1510,0 15,  00001026, 9, 0, 4, 0
20100128091446R:A1501,0 15,  00001118,0, 0
20100128091447R:A1510,0 15,  00001118, 1, 0, 5, 0
20100128091456R:A1510,0 15,  00001118, 9, 0, 5, 0
20100128091503R:A1501,0 15,  00000102,0, 0
20100128091503R:A1510,0 15,  00000102, 1, 0, 6, 0
20100128091510S:A1503,0015,  00001219,01,00
20100128091512R:A1510,0 15,  00000102, 9, 0, 6, 0
20100128091519R:A1501,0 15,  00000088,0, 0
20100128091520R:A1510,0 15,  00000088, 1, 0, 7, 0
20100128091525R:U1500,0 15,  00001219, 0
20100128091525S:U1500,0 15,  00001219,00
20100128091528R:A1504,0 15,  00001219, 0, 0
20100128091528R:A1503,0 15,  00001130, 0, 0
20100128091529R:A1510,0 15,  00000088, 9, 0, 6, 0
20100128091615R:A1501,0 15,  00000180,0, 0
20100128091615R:A1510,0 15,  00000180, 1, 0, 7, 0
20100128091617S:A1503,0015,  00001130,01,00
20100128091624R:A1510,0 15,  00000180, 9, 0, 7, 0
20100128091626R:U1500,0 15,  00001130, 0
20100128091626S:U1500,0 15,  00001130,00
20100128091633R:A1504,0 15,  00001130, 0, 0
20100128091633R:A1503,0 15,  00000146, 0, 0
20100128091645R:A1501,0 15,  00000080,0, 0
20100128091645R:A1510,0 15,  00000080, 1, 0, 7, 0
20100128091654R:A1510,0 15,  00000080, 9, 0, 7, 0
20100128091659S:A1500,0015,  00000112,1, 0,00
20100128091720S:A1503,0015,  00000146,01,00
20100128091726R:U1500,0 15,  00000146, 0
20100128091726S:U1500,0 15,  00000146,00
20100128091728R:A1504,0 15,  00000146, 0, 0
20100128091729R:A1503,0 15,  00001290, 0, 0
20100128091820S:A1503,0015,  00001290,01,00
20100128091822S:A1500,0015,  00001261,1, 0,00
20100128091826R:U1500,0 15,  00001290, 0
20100128091826S:U1500,0 15,  00001290,00
20100128091829R:A1504,0 15,  00001290, 0, 0
20100128091829R:A1503,0 15,  00001026, 0, 0
20100128091905S:A1503,0015,  00001026,01,00
20100128091911R:U1500,0 15,  00001026, 0
20100128091911S:U1500,0 15,  00001026,00
20100128091913R:A1504,0 15,  00001026, 0, 0
20100128091913R:A1503,0 15,  00001118, 0, 0
20100128091951S:A1503,0015,  00001118,01,00
20100128091957R:U1500,0 15,  00001118, 0
20100128091957S:U1500,0 15,  00001118,00
20100128092000R:A1504,0 15,  00001118, 0, 0
20100128092000R:A1503,0 15,  00000102, 0, 0
20100128092039S:A1503,0015,  00000102,01,00
20100128092045R:U1500,0 15,  00000102, 0
20100128092045S:U1500,0 15,  00000102,00
20100128092048R:A1504,0 15,  00000102, 0, 0
20100128092048R:A1503,0 15,  00000088, 0, 0
20100128092100R:A1501,0 15,  00000136,0, 0
20100128092100R:A1510,0 15,  00000136, 1, 0, 3, 0
20100128092109R:A1510,0 15,  00000136, 9, 0, 3, 0
20100128092115S:A1500,0015,  00000040,1, 0,00
20100128092121R:A1501,0 15,  00001132,0, 0
20100128092121R:A1510,0 15,  00001132, 1, 0, 4, 0
20100128092128S:A1500,0015,  00000083,1, 0,00
20100128092130R:A1510,0 15,  00001132, 9, 0, 4, 0
20100128092135S:A1503,0015,  00000088,01,00
20100128092142R:A1501,0 15,  00000038,0, 0
20100128092143R:A1510,0 15,  00000038, 1, 0, 5, 0
20100128092151R:A1510,0 15,  00000038, 9, 0, 5, 0
20100128092154R:U1500,0 15,  00000088, 0
20100128092154S:U1500,0 15,  00000088,00
20100128092201R:A1504,0 15,  00000088, 0, 0
20100128092201R:A1503,0 15,  00000180, 0, 0
20100128092213R:A1501,0 15,  00000012,0, 0
20100128092214R:A1510,0 15,  00000012, 1, 0, 5, 0
20100128092222S:A1503,0015,  00000180,01,00
20100128092223R:A1510,0 15,  00000012, 9, 0, 5, 0
20100128092228R:U1500,0 15,  00000180, 0
20100128092228S:U1500,0 15,  00000180,00
20100128092235R:A1504,0 15,  00000180, 0, 0
20100128092235R:A1503,0 15,  00000080, 0, 0
20100128092313S:A1503,0015,  00000080,01,00
20100128092319R:U1500,0 15,  00000080, 0
20100128092319S:U1500,0 15,  00000080,00
20100128092322R:A1504,0 15,  00000080, 0, 0
20100128092322R:A1503,0 15,  00000136, 0, 0
20100128092358S:A1503,0015,  00000136,01,00
20100128092404R:U1500,0 15,  00000136, 0
20100128092404S:U1500,0 15,  00000136,00
20100128092406R:A1504,0 15,  00000136, 0, 0
20100128092407R:A1503,0 15,  00001132, 0, 0
20100128092431S:A1503,0015,  00001132,01,00
20100128092437R:U1500,0 15,  00001132, 0
20100128092437S:U1500,0 15,  00001132,00
20100128092440R:A1504,0 15,  00001132, 0, 0
20100128092440R:A1503,0 15,  00000038, 0, 0
20100128092505S:A1503,0015,  00000038,01,00
20100128092511R:U1500,0 15,  00000038, 0
20100128092511S:U1500,0 15,  00000038,00
20100128092514R:A1504,0 15,  00000038, 0, 0
20100128092514R:A1503,0 15,  00000012, 0, 0
20100128092545S:A1503,0015,  00000012,01,00
20100128092551R:U1500,0 15,  00000012, 0
20100128092551S:U1500,0 15,  00000012,00
20100128092553R:A1504,0 15,  00000012, 0, 0
20100128092609S:A1500,0015,  00001129,1, 0,00
20100128092814R:A1501,0 15,  00000112,0, 0
20100128092814R:A1510,0 15,  00000112, 1, 0, 0, 0
20100128092823R:A1510,0 15,  00000112, 9, 0, 0, 0
20100128092828R:A1503,0 15,  00000112, 0, 0
20100128092828S:A1503,0015,  00000112,01,00
20100128092834R:U1500,0 15,  00000112, 0
20100128092834S:U1500,0 15,  00000112,00
20100128092837R:A1504,0 15,  00000112, 0, 0
20100128092919R:A1501,0 15,  00001261,0, 0
20100128092919R:A1510,0 15,  00001261, 1, 0, 0, 0
20100128092928R:A1510,0 15,  00001261, 9, 0, 0, 0
20100128092933R:A1503,0 15,  00001261, 0, 0
20100128092933S:A1503,0015,  00001261,01,00
20100128092939R:U1500,0 15,  00001261, 0
20100128092939S:U1500,0 15,  00001261,00
20100128092942R:A1504,0 15,  00001261, 0, 0
20100128093025S:A1500,0015,  00001184,1, 0,00
20100128093028R:A1501,0 15,  00001215,0, 0
20100128093028R:A1510,0 15,  00001215, 1, 0, 0, 0
20100128093037R:A1510,0 15,  00001215, 9, 0, 0, 0
20100128093040S:A1500,0015,  00001186,1, 0,00
20100128093042R:A1503,0 15,  00001215, 0, 0
20100128093042S:A1503,0015,  00001215,01,00
20100128093048R:U1500,0 15,  00001215, 0
20100128093048S:U1500,0 15,  00001215,00
20100128093051R:A1504,0 15,  00001215, 0, 0
20100128093056S:A1500,0015,  00000129,1, 0,00
20100128093108R:A1501,0 15,  00001033,0, 0
20100128093108R:A1510,0 15,  00001033, 1, 0, 0, 0
20100128093117R:A1510,0 15,  00001033, 9, 0, 0, 0
20100128093122R:A1503,0 15,  00001033, 0, 0
20100128093122S:A1503,0015,  00001033,01,00
20100128093128R:U1500,0 15,  00001033, 0
20100128093128S:U1500,0 15,  00001033,00
20100128093130R:A1504,0 15,  00001033, 0, 0
20100128093445R:A1501,0 15,  00000040,0, 0
20100128093445R:A1510,0 15,  00000040, 1, 0, 0, 0
20100128093454R:A1510,0 15,  00000040, 9, 0, 0, 0
20100128093458R:A1503,0 15,  00000040, 0, 0
20100128093459S:A1503,0015,  00000040,01,00
20100128093507R:A1501,0 15,  00000083,0, 0
20100128093507R:A1510,0 15,  00000083, 1, 0, 1, 0
20100128093516R:A1510,0 15,  00000083, 9, 0, 1, 0
20100128093518R:U1500,0 15,  00000040, 0
20100128093518S:U1500,0 15,  00000040,00
20100128093525S:A1500,0015,  00001260,1, 0,00
20100128093527R:A1504,0 15,  00000040, 0, 0
20100128093527R:A1503,0 15,  00000083, 0, 0
20100128093528S:A1503,0015,  00000083,01,00
20100128093534R:U1500,0 15,  00000083, 0
20100128093534S:U1500,0 15,  00000083,00
20100128093537S:A1500,0015,  00001287,1, 0,00
20100128093550S:A1500,0015,  00000100,1, 0,00
20100128093607R:A1504,0 15,  00000083, 0, 0
20100128093956R:A1501,0 15,  00001129,0, 0
20100128093956R:A1510,0 15,  00001129, 1, 0, 0, 0
20100128094005R:A1510,0 15,  00001129, 9, 0, 0, 0
20100128094010R:A1503,0 15,  00001129, 0, 0
20100128094010S:A1503,0015,  00001129,01,00
20100128094016R:U1500,0 15,  00001129, 0
20100128094016S:U1500,0 15,  00001129,00
20100128094018R:A1504,0 15,  00001129, 0, 0
20100128094156S:A1500,0015,  00000033,1, 0,00
20100128094207R:A1501,0 15,  00000129,0, 0
20100128094207R:A1510,0 15,  00000129, 1, 0, 0, 0
20100128094209S:A1500,0015,  00001134,1, 0,00
20100128094216R:A1510,0 15,  00000129, 9, 0, 0, 0
20100128094221R:A1503,0 15,  00000129, 0, 0
20100128094221S:A1503,0015,  00000129,01,00
20100128094227R:U1500,0 15,  00000129, 0
20100128094227S:U1500,0 15,  00000129,00
20100128094230R:A1504,0 15,  00000129, 0, 0
20100128094349R:A1501,0 15,  00001184,0, 0
20100128094349R:A1510,0 15,  00001184, 1, 0, 0, 0
20100128094358R:A1510,0 15,  00001184, 9, 0, 0, 0
20100128094402R:A1503,0 15,  00001184, 0, 0
20100128094403S:A1503,0015,  00001184,01,00
20100128094411R:A1501,0 15,  00001186,0, 0
20100128094411R:A1510,0 15,  00001186, 1, 0, 1, 0
20100128094420R:A1510,0 15,  00001186, 9, 0, 1, 0
20100128094422R:U1500,0 15,  00001184, 0
20100128094422S:U1500,0 15,  00001184,00
20100128094431R:A1504,0 15,  00001184, 0, 0
20100128094431R:A1503,0 15,  00001186, 0, 0
20100128094432S:A1503,0015,  00001186,01,00
20100128094437R:U1500,0 15,  00001186, 0
20100128094437S:U1500,0 15,  00001186,00
20100128094511R:A1504,0 15,  00001186, 0, 0
20100128094622S:A1500,0015,  00001265,1, 0,00
20100128094634S:A1500,0015,  00000140,1, 0,00
20100128094728R:A1501,0 15,  00001287,0, 0
20100128094728R:A1510,0 15,  00001287, 1, 0, 0, 0
20100128094737R:A1510,0 15,  00001287, 9, 0, 0, 0
20100128094742R:A1503,0 15,  00001287, 0, 0
20100128094742S:A1503,0015,  00001287,01,00
20100128094748R:U1500,0 15,  00001287, 0
20100128094748S:U1500,0 15,  00001287,00
20100128094751R:A1504,0 15,  00001287, 0, 0
20100128094943R:A1501,0 15,  00001260,0, 0
20100128094943R:A1510,0 15,  00001260, 1, 0, 0, 0
20100128094952R:A1510,0 15,  00001260, 9, 0, 0, 0
20100128094957R:A1503,0 15,  00001260, 0, 0
20100128094957S:A1503,0015,  00001260,01,00
20100128095005R:A1501,0 15,  00000100,0, 0
20100128095005R:A1510,0 15,  00000100, 1, 0, 1, 0
20100128095014R:A1510,0 15,  00000100, 9, 0, 1, 0
20100128095016R:U1500,0 15,  00001260, 0
20100128095016S:U1500,0 15,  00001260,00
20100128095025R:A1504,0 15,  00001260, 0, 0
20100128095025R:A1503,0 15,  00000100, 0, 0
20100128095027S:A1503,0015,  00000100,01,00
20100128095033R:U1500,0 15,  00000100, 0
20100128095033S:U1500,0 15,  00000100,00
20100128095034S:A1500,0015,  00001194,1, 0,00
20100128095105R:A1504,0 15,  00000100, 0, 0
20100128095629R:A1501,0 15,  00001134,0, 0
20100128095629R:A1510,0 15,  00001134, 1, 0, 0, 0
20100128095638R:A1510,0 15,  00001134, 9, 0, 0, 0
20100128095641S:A1500,0015,  00001139,1, 0,00
20100128095643R:A1503,0 15,  00001134, 0, 0
20100128095643S:A1503,0015,  00001134,01,00
20100128095649R:U1500,0 15,  00001134, 0
20100128095649S:U1500,0 15,  00001134,00
20100128095651R:A1504,0 15,  00001134, 0, 0
20100128095653S:A1500,0015,  00000073,1, 0,00
20100128095859R:A1501,0 15,  00000033,0, 0
20100128095859R:A1510,0 15,  00000033, 1, 0, 0, 0
20100128095908R:A1510,0 15,  00000033, 9, 0, 0, 0
20100128095912R:A1503,0 15,  00000033, 0, 0
20100128095912S:A1503,0015,  00000033,01,00
20100128095919R:A1501,0 15,  00001265,0, 0
20100128095919R:A1510,0 15,  00001265, 1, 0, 1, 0
20100128095928R:A1510,0 15,  00001265, 9, 0, 1, 0
20100128095930R:U1500,0 15,  00000033, 0
20100128095931S:U1500,0 15,  00000033,00
20100128095940R:A1504,0 15,  00000033, 0, 0
20100128095940R:A1503,0 15,  00001265, 0, 0
20100128095940S:A1503,0015,  00001265,01,00
20100128095946R:U1500,0 15,  00001265, 0
20100128095946S:U1500,0 15,  00001265,00
20100128100013R:A1504,0 15,  00001265, 0, 0
20100128100025R:A1501,0 15,  00000140,0, 0
20100128100025R:A1510,0 15,  00000140, 1, 0, 0, 0
20100128100034R:A1510,0 15,  00000140, 9, 0, 0, 0
20100128100039R:A1503,0 15,  00000140, 0, 0
20100128100039S:A1503,0015,  00000140,01,00
20100128100045R:U1500,0 15,  00000140, 0
20100128100045S:U1500,0 15,  00000140,00
20100128100053R:A1504,0 15,  00000140, 0, 0
20100128100302S:A1500,0015,  00000020,1, 0,00
20100128100314S:A1500,0015,  00000195,1, 0,00
20100128100528R:A1501,0 15,  00001194,0, 0
20100128100528R:A1510,0 15,  00001194, 1, 0, 0, 0
20100128100537R:A1510,0 15,  00001194, 9, 0, 0, 0
20100128100542R:A1503,0 15,  00001194, 0, 0
20100128100542S:A1503,0015,  00001194,01,00
20100128100548R:U1500,0 15,  00001194, 0
20100128100548S:U1500,0 15,  00001194,00
20100128100551R:A1504,0 15,  00001194, 0, 0
20100128100853R:A1501,0 15,  00001139,0, 0
20100128100853R:A1510,0 15,  00001139, 1, 0, 0, 0
20100128100902R:A1510,0 15,  00001139, 9, 0, 0, 0
20100128100907R:A1503,0 15,  00001139, 0, 0
20100128100907S:A1503,0015,  00001139,01,00
20100128100913R:U1500,0 15,  00001139, 0
20100128100913S:U1500,0 15,  00001139,00
20100128100915R:A1504,0 15,  00001139, 0, 0
20100128101053S:A1500,0015,  00001275,1, 0,00
20100128101228S:A1500,0015,  00001103,1, 0,00
20100128101240S:A1500,0015,  00001288,1, 0,00
20100128101320S:A1500,0015,  00001129,1, 0,00
20100128101331S:A1500,0015,  00000129,1, 0,00
20100128101346S:A1500,0015,  00001184,1, 0,00
20100128101402S:A1500,0015,  00001186,1, 0,00
20100128101422S:A1500,0015,  00000012,1, 0,00
20100128101434S:A1500,0015,  00000033,1, 0,00
20100128101445S:A1500,0015,  00001265,1, 0,00
20100128101457S:A1500,0015,  00000140,1, 0,00
20100128101516S:A1500,0015,  00001287,1, 0,00
20100128101525R:A1501,0 15,  00000073,0, 0
20100128101525R:A1510,0 15,  00000073, 1, 0, 0, 0
20100128101534R:A1510,0 15,  00000073, 9, 0, 0, 0
20100128101536S:A1500,0015,  00001260,1, 0,00
20100128101538R:A1503,0 15,  00000073, 0, 0
20100128101539S:A1503,0015,  00000073,01,00
20100128101544R:U1500,0 15,  00000073, 0
20100128101544S:U1500,0 15,  00000073,00
20100128101547R:A1504,0 15,  00000073, 0, 0
20100128101558R:A1501,0 15,  00000020,0, 0
20100128101559R:A1510,0 15,  00000020, 1, 0, 0, 0
20100128101608R:A1510,0 15,  00000020, 9, 0, 0, 0
20100128101612R:A1503,0 15,  00000020, 0, 0
20100128101613S:A1503,0015,  00000020,01,00
20100128101618R:U1500,0 15,  00000020, 0
20100128101618S:U1500,0 15,  00000020,00
20100128101621R:A1504,0 15,  00000020, 0, 0
20100128101701S:A1500,0015,  00000128,1, 0,00
20100128101724S:A1500,0015,  00000100,1, 0,00
20100128101749S:A1500,0015,  00001134,1, 0,00
20100128101819S:A1500,0015,  00000112,1, 0,00
20100128101832S:A1500,0015,  00001030,1, 0,00
20100128101856S:A1500,0015,  00001222,1, 0,00
20100128101919R:A1501,0 15,  00000195,0, 0
20100128101919R:A1510,0 15,  00000195, 1, 0, 0, 0
20100128101928R:A1510,0 15,  00000195, 9, 0, 0, 0
20100128101933R:A1503,0 15,  00000195, 0, 0
20100128101933S:A1503,0015,  00000195,01,00
20100128101939R:U1500,0 15,  00000195, 0
20100128101939S:U1500,0 15,  00000195,00
20100128101941R:A1504,0 15,  00000195, 0, 0
20100128102548R:A1501,0 15,  00001275,0, 0
20100128102548R:A1510,0 15,  00001275, 1, 0, 0, 0
20100128102557R:A1510,0 15,  00001275, 9, 0, 0, 0
20100128102602R:A1503,0 15,  00001275, 0, 0
20100128102602S:A1503,0015,  00001275,01,00
20100128102605R:A1501,0 15,  00001103,0, 0
20100128102605R:A1510,0 15,  00001103, 1, 0, 1, 0
20100128102614R:A1510,0 15,  00001103, 9, 0, 1, 0
20100128102616R:U1500,0 15,  00001275, 0
20100128102616S:U1500,0 15,  00001275,00
20100128102625R:A1504,0 15,  00001275, 0, 0
20100128102625R:A1503,0 15,  00001103, 0, 0
20100128102627S:A1503,0015,  00001103,01,00
20100128102633R:U1500,0 15,  00001103, 0
20100128102633S:U1500,0 15,  00001103,00
20100128102705R:A1504,0 15,  00001103, 0, 0
20100128102713S:A1500,0015,  00000116,1, 0,00
20100128102808R:A1501,0 15,  00001186,0, 0
20100128102808R:A1510,0 15,  00001186, 1, 0, 0, 0
20100128102817R:A1510,0 15,  00001186, 9, 0, 0, 0
20100128102822R:A1503,0 15,  00001186, 0, 0
20100128102822S:A1503,0015,  00001186,01,00
20100128102827S:A1500,0015,  00001133,1, 0,00
20100128102829R:A1501,0 15,  00000012,0, 0
20100128102829R:A1510,0 15,  00000012, 1, 0, 1, 0
20100128102838R:A1510,0 15,  00000012, 9, 0, 1, 0
20100128102839S:A1500,0015,  00000162,1, 0,00
20100128102840R:U1500,0 15,  00001186, 0
20100128102840S:U1500,0 15,  00001186,00
20100128102849R:A1504,0 15,  00001186, 0, 0
20100128102849R:A1503,0 15,  00000012, 0, 0
20100128102850S:A1503,0015,  00000012,01,00
20100128102855R:U1500,0 15,  00000012, 0
20100128102856S:U1500,0 15,  00000012,00
20100128102929R:A1504,0 15,  00000012, 0, 0
20100128102941R:A1501,0 15,  00000033,0, 0
20100128102941R:A1510,0 15,  00000033, 1, 0, 0, 0
20100128102950R:A1510,0 15,  00000033, 9, 0, 0, 0
20100128102954S:A1500,0015,  00001298,1, 0,00
20100128102955R:A1503,0 15,  00000033, 0, 0
20100128102955S:A1503,0015,  00000033,01,00
20100128103001R:U1500,0 15,  00000033, 0
20100128103001S:U1500,0 15,  00000033,00
20100128103009R:A1504,0 15,  00000033, 0, 0
20100128103021R:A1501,0 15,  00001288,0, 0
20100128103021R:A1510,0 15,  00001288, 1, 0, 0, 0
20100128103030R:A1510,0 15,  00001288, 9, 0, 0, 0
20100128103035R:A1503,0 15,  00001288, 0, 0
20100128103035S:A1503,0015,  00001288,01,00
20100128103036R:A1501,0 15,  00001184,0, 0
20100128103036R:A1510,0 15,  00001184, 1, 0, 1, 0
20100128103042S:A1500,0015,  00001153,1, 0,00
20100128103045R:A1510,0 15,  00001184, 9, 0, 1, 0
20100128103047R:U1500,0 15,  00001288, 0
20100128103047S:U1500,0 15,  00001288,00
20100128103057R:A1504,0 15,  00001288, 0, 0
20100128103057R:A1503,0 15,  00001184, 0, 0
20100128103057S:A1503,0015,  00001184,01,00
20100128103103R:U1500,0 15,  00001184, 0
20100128103103S:U1500,0 15,  00001184,00
20100128103136R:A1504,0 15,  00001184, 0, 0
20100128103148R:A1501,0 15,  00001129,0, 0
20100128103149R:A1510,0 15,  00001129, 1, 0, 0, 0
20100128103158R:A1510,0 15,  00001129, 9, 0, 0, 0
20100128103202R:A1503,0 15,  00001129, 0, 0
20100128103202S:A1503,0015,  00001129,01,00
20100128103210R:A1501,0 15,  00000129,0, 0
20100128103210R:A1510,0 15,  00000129, 1, 0, 1, 0
20100128103219R:A1510,0 15,  00000129, 9, 0, 1, 0
20100128103221R:U1500,0 15,  00001129, 0
20100128103221S:U1500,0 15,  00001129,00
20100128103231R:A1504,0 15,  00001129, 0, 0
20100128103231R:A1503,0 15,  00000129, 0, 0
20100128103238S:A1503,0015,  00000129,01,00
20100128103241R:A1501,0 15,  00001265,0, 0
20100128103241R:A1510,0 15,  00001265, 1, 0, 1, 0
20100128103250R:A1510,0 15,  00001265, 9, 0, 1, 0
20100128103252R:U1500,0 15,  00000129, 0
20100128103252S:U1500,0 15,  00000129,00
20100128103310R:A1504,0 15,  00000129, 0, 0
20100128103310R:A1503,0 15,  00001265, 0, 0
20100128103324R:A1501,0 15,  00000140,0, 0
20100128103324R:A1510,0 15,  00000140, 1, 0, 1, 0
20100128103332S:A1503,0015,  00001265,01,00
20100128103333R:A1510,0 15,  00000140, 9, 0, 1, 0
20100128103337R:U1500,0 15,  00001265, 0
20100128103337S:U1500,0 15,  00001265,00
20100128103350R:A1504,0 15,  00001265, 0, 0
20100128103351R:A1503,0 15,  00000140, 0, 0
20100128103433S:A1503,0015,  00000140,01,00
20100128103438R:U1500,0 15,  00000140, 0
20100128103438S:U1500,0 15,  00000140,00
20100128103441R:A1504,0 15,  00000140, 0, 0
20100128103549R:A1501,0 15,  00001287,0, 0
20100128103549R:A1510,0 15,  00001287, 1, 0, 0, 0
20100128103558R:A1510,0 15,  00001287, 9, 0, 0, 0
20100128103603R:A1503,0 15,  00001287, 0, 0
20100128103603S:A1503,0015,  00001287,01,00
20100128103605R:A1501,0 15,  00001260,0, 0
20100128103605R:A1510,0 15,  00001260, 1, 0, 1, 0
20100128103615R:A1510,0 15,  00001260, 9, 0, 1, 0
20100128103616R:U1500,0 15,  00001287, 0
20100128103616S:U1500,0 15,  00001287,00
20100128103626R:A1504,0 15,  00001287, 0, 0
20100128103626R:A1503,0 15,  00001260, 0, 0
20100128103630S:A1500,0015,  00000086,1, 0,00
20100128103636S:A1503,0015,  00001260,01,00
20100128103637R:A1501,0 15,  00000128,0, 0
20100128103637R:A1510,0 15,  00000128, 1, 0, 1, 0
20100128103646R:A1510,0 15,  00000128, 9, 0, 1, 0
20100128103648R:U1500,0 15,  00001260, 0
20100128103648S:U1500,0 15,  00001260,00
20100128103705R:A1504,0 15,  00001260, 0, 0
20100128103706R:A1503,0 15,  00000128, 0, 0
20100128103723S:A1503,0015,  00000128,01,00
20100128103729R:U1500,0 15,  00000128, 0
20100128103729S:U1500,0 15,  00000128,00
20100128103745R:A1504,0 15,  00000128, 0, 0
20100128103756R:A1501,0 15,  00001030,0, 0
20100128103756R:A1510,0 15,  00001030, 1, 0, 0, 0
20100128103805R:A1510,0 15,  00001030, 9, 0, 0, 0
20100128103810R:A1503,0 15,  00001030, 0, 0
20100128103813R:A1501,0 15,  00001222,0, 0
20100128103813R:A1510,0 15,  00001222, 1, 0, 1, 0
20100128103814S:A1503,0015,  00001030,01,00
20100128103822R:A1510,0 15,  00001222, 9, 0, 1, 0
20100128103824R:U1500,0 15,  00001030, 0
20100128103824S:U1500,0 15,  00001030,00
20100128103833R:A1504,0 15,  00001030, 0, 0
20100128103833R:A1503,0 15,  00001222, 0, 0
20100128103905S:A1503,0015,  00001222,01,00
20100128103910R:U1500,0 15,  00001222, 0
20100128103910S:U1500,0 15,  00001222,00
20100128103913R:A1504,0 15,  00001222, 0, 0
20100128103925R:A1501,0 15,  00000100,0, 0
20100128103925R:A1510,0 15,  00000100, 1, 0, 0, 0
20100128103934R:A1510,0 15,  00000100, 9, 0, 0, 0
20100128103939R:A1503,0 15,  00000100, 0, 0
20100128103946R:A1501,0 15,  00001134,0, 0
20100128103946R:A1510,0 15,  00001134, 1, 0, 1, 0
20100128103951S:A1503,0015,  00000100,01,00
20100128103955R:A1510,0 15,  00001134, 9, 0, 1, 0
20100128103957R:U1500,0 15,  00000100, 0
20100128103957S:U1500,0 15,  00000100,00
20100128104006R:A1504,0 15,  00000100, 0, 0
20100128104007R:A1503,0 15,  00001134, 0, 0
20100128104019R:A1501,0 15,  00000112,0, 0
20100128104019R:A1510,0 15,  00000112, 1, 0, 1, 0
20100128104028R:A1510,0 15,  00000112, 9, 0, 1, 0
20100128104040S:A1503,0015,  00001134,01,00
20100128104045R:U1500,0 15,  00001134, 0
20100128104045S:U1500,0 15,  00001134,00
20100128104048R:A1504,0 15,  00001134, 0, 0
20100128104048R:A1503,0 15,  00000112, 0, 0
20100128104127S:A1503,0015,  00000112,01,00
20100128104133R:U1500,0 15,  00000112, 0
20100128104133S:U1500,0 15,  00000112,00
20100128104136R:A1504,0 15,  00000112, 0, 0
20100128104301R:A1501,0 15,  00001153,0, 0
20100128104301R:A1510,0 15,  00001153, 1, 0, 0, 0
20100128104310R:A1510,0 15,  00001153, 9, 0, 0, 0
20100128104314R:A1503,0 15,  00001153, 0, 0
20100128104314S:A1503,0015,  00001153,01,00
20100128104320R:U1500,0 15,  00001153, 0
20100128104320S:U1500,0 15,  00001153,00
20100128104323R:A1504,0 15,  00001153, 0, 0
20100128104415R:A1501,0 15,  00000116,0, 0
20100128104415R:A1510,0 15,  00000116, 1, 0, 0, 0
20100128104424R:A1510,0 15,  00000116, 9, 0, 0, 0
20100128104429R:A1503,0 15,  00000116, 0, 0
20100128104430S:A1503,0015,  00000116,01,00
20100128104435R:U1500,0 15,  00000116, 0
20100128104435S:U1500,0 15,  00000116,00
20100128104438R:A1504,0 15,  00000116, 0, 0
20100128104832S:A1500,0015,  00001200,1, 0,00
20100128104900S:A1500,0015,  00000107,1, 0,00
20100128104917R:A1501,0 15,  00001133,0, 0
20100128104918R:A1510,0 15,  00001133, 1, 0, 0, 0
20100128104922S:A1500,0015,  00001282,1, 0,00
20100128104927R:A1510,0 15,  00001133, 9, 0, 0, 0
20100128104931R:A1503,0 15,  00001133, 0, 0
20100128104931S:A1503,0015,  00001133,01,00
20100128104937R:U1500,0 15,  00001133, 0
20100128104937S:U1500,0 15,  00001133,00
20100128104940R:A1504,0 15,  00001133, 0, 0
20100128104952R:A1501,0 15,  00000162,0, 0
20100128104952R:A1510,0 15,  00000162, 1, 0, 0, 0
20100128105001R:A1510,0 15,  00000162, 9, 0, 0, 0
20100128105005R:A1503,0 15,  00000162, 0, 0
20100128105006S:A1503,0015,  00000162,01,00
20100128105011R:U1500,0 15,  00000162, 0
20100128105012S:U1500,0 15,  00000162,00
20100128105020R:A1504,0 15,  00000162, 0, 0
20100128105032R:A1501,0 15,  00001298,0, 0
20100128105032R:A1510,0 15,  00001298, 1, 0, 0, 0
20100128105041R:A1510,0 15,  00001298, 9, 0, 0, 0
20100128105045R:A1503,0 15,  00001298, 0, 0
20100128105046S:A1503,0015,  00001298,01,00
20100128105051R:U1500,0 15,  00001298, 0
20100128105051S:U1500,0 15,  00001298,00
20100128105059R:A1504,0 15,  00001298, 0, 0
20100128105239R:A1501,0 15,  00000086,0, 0
20100128105239R:A1510,0 15,  00000086, 1, 0, 0, 0
20100128105248R:A1510,0 15,  00000086, 9, 0, 0, 0
20100128105252R:A1503,0 15,  00000086, 0, 0
20100128105253S:A1503,0015,  00000086,01,00
20100128105258R:U1500,0 15,  00000086, 0
20100128105258S:U1500,0 15,  00000086,00
20100128105301R:A1504,0 15,  00000086, 0, 0
20100128105304S:A1500,0015,  00001048,1, 0,00
20100128105316S:A1500,0015,  00000026,1, 0,00
20100128105644S:A1500,0015,  00001265,1, 0,00
20100128105946R:A1501,0 15,  00001200,0, 0
20100128105947R:A1510,0 15,  00001200, 1, 0, 0, 0
20100128105956R:A1510,0 15,  00001200, 9, 0, 0, 0
20100128110000R:A1503,0 15,  00001200, 0, 0
20100128110000S:A1503,0015,  00001200,01,00
20100128110006R:U1500,0 15,  00001200, 0
20100128110006S:U1500,0 15,  00001200,00
20100128110009R:A1504,0 15,  00001200, 0, 0
20100128110237R:A1501,0 15,  00000107,0, 0
20100128110237R:A1510,0 15,  00000107, 1, 0, 0, 0
20100128110246R:A1510,0 15,  00000107, 9, 0, 0, 0
20100128110251R:A1503,0 15,  00000107, 0, 0
20100128110251S:A1503,0015,  00000107,01,00
20100128110259R:A1501,0 15,  00001282,0, 0
20100128110259R:A1510,0 15,  00001282, 1, 0, 1, 0
20100128110308R:A1510,0 15,  00001282, 9, 0, 1, 0
20100128110310R:U1500,0 15,  00000107, 0
20100128110310S:U1500,0 15,  00000107,00
20100128110319R:A1504,0 15,  00000107, 0, 0
20100128110319R:A1503,0 15,  00001282, 0, 0
20100128110320S:A1500,0015,  00000158,1, 0,00
20100128110320S:A1503,0015,  00001282,01,00
20100128110326R:U1500,0 15,  00001282, 0
20100128110326S:U1500,0 15,  00001282,00
20100128110359R:A1504,0 15,  00001282, 0, 0
20100128110424R:A1501,0 15,  00001048,0, 0
20100128110424R:A1510,0 15,  00001048, 1, 0, 0, 0
20100128110433R:A1510,0 15,  00001048, 9, 0, 0, 0
20100128110438R:A1503,0 15,  00001048, 0, 0
20100128110438S:A1503,0015,  00001048,01,00
20100128110444R:U1500,0 15,  00001048, 0
20100128110444S:U1500,0 15,  00001048,00
20100128110447R:A1504,0 15,  00001048, 0, 0
20100128111143R:A1501,0 15,  00000026,0, 0
20100128111143R:A1510,0 15,  00000026, 1, 0, 0, 0
20100128111152R:A1510,0 15,  00000026, 9, 0, 0, 0
20100128111156R:A1503,0 15,  00000026, 0, 0
20100128111157S:A1503,0015,  00000026,01,00
20100128111204S:A1500,0015,  00001283,1, 0,00
20100128111204R:A1501,0 15,  00001265,0, 0
20100128111205R:A1510,0 15,  00001265, 1, 0, 1, 0
20100128111214R:A1510,0 15,  00001265, 9, 0, 1, 0
20100128111216R:U1500,0 15,  00000026, 0
20100128111216S:U1500,0 15,  00000026,00
20100128111225R:A1504,0 15,  00000026, 0, 0
20100128111225R:A1503,0 15,  00001265, 0, 0
20100128111226S:A1503,0015,  00001265,01,00
20100128111231R:U1500,0 15,  00001265, 0
20100128111231S:U1500,0 15,  00001265,00
20100128111245S:A1500,0015,  00000129,1, 0,00
20100128111302S:A1500,0015,  00001184,1, 0,00
20100128111304R:A1504,0 15,  00001265, 0, 0
20100128111524R:A1501,0 15,  00000158,0, 0
20100128111524R:A1510,0 15,  00000158, 1, 0, 0, 0
20100128111533R:A1510,0 15,  00000158, 9, 0, 0, 0
20100128111538R:A1503,0 15,  00000158, 0, 0
20100128111538S:A1503,0015,  00000158,01,00
20100128111544R:U1500,0 15,  00000158, 0
20100128111544S:U1500,0 15,  00000158,00
20100128111547R:A1504,0 15,  00000158, 0, 0
20100128111657S:A1500,0015,  00001129,1, 0,00
20100128111955S:A1500,0015,  00001282,1, 0,00
20100128112010S:A1500,0015,  00000086,1, 0,00
20100128112048S:A1500,0015,  00000107,1, 0,00
20100128112341R:A1501,0 15,  00001283,0, 0
20100128112341R:A1510,0 15,  00001283, 1, 0, 0, 0
20100128112349S:A1500,0015,  00001200,1, 0,00
20100128112350R:A1510,0 15,  00001283, 9, 0, 0, 0
20100128112355R:A1503,0 15,  00001283, 0, 0
20100128112355S:A1503,0015,  00001283,01,00
20100128112358R:A1501,0 15,  00000129,0, 0
20100128112358R:A1510,0 15,  00000129, 1, 0, 1, 0
20100128112401S:A1500,0015,  00001220,1, 0,00
20100128112407R:A1510,0 15,  00000129, 9, 0, 1, 0
20100128112409R:U1500,0 15,  00001283, 0
20100128112409S:U1500,0 15,  00001283,00
20100128112419R:A1504,0 15,  00001283, 0, 0
20100128112419R:A1503,0 15,  00000129, 0, 0
20100128112420S:A1503,0015,  00000129,01,00
20100128112425R:U1500,0 15,  00000129, 0
20100128112425S:U1500,0 15,  00000129,00
20100128112458R:A1504,0 15,  00000129, 0, 0
20100128112511R:A1501,0 15,  00001184,0, 0
20100128112511R:A1510,0 15,  00001184, 1, 0, 0, 0
20100128112520R:A1510,0 15,  00001184, 9, 0, 0, 0
20100128112524R:A1503,0 15,  00001184, 0, 0
20100128112524S:A1503,0015,  00001184,01,00
20100128112530R:U1500,0 15,  00001184, 0
20100128112530S:U1500,0 15,  00001184,00
20100128112533R:A1504,0 15,  00001184, 0, 0
20100128112830R:A1501,0 15,  00001129,0, 0
20100128112830R:A1510,0 15,  00001129, 1, 0, 0, 0
20100128112839R:A1510,0 15,  00001129, 9, 0, 0, 0
20100128112843R:A1503,0 15,  00001129, 0, 0
20100128112844S:A1503,0015,  00001129,01,00
20100128112850R:U1500,0 15,  00001129, 0
20100128112850S:U1500,0 15,  00001129,00
20100128112852R:A1504,0 15,  00001129, 0, 0
20100128113133R:A1501,0 15,  00001282,0, 0
20100128113133R:A1510,0 15,  00001282, 1, 0, 0, 0
20100128113142R:A1510,0 15,  00001282, 9, 0, 0, 0
20100128113147R:A1503,0 15,  00001282, 0, 0
20100128113147S:A1503,0015,  00001282,01,00
20100128113150R:A1501,0 15,  00000107,0, 0
20100128113150R:A1510,0 15,  00000107, 1, 0, 1, 0
20100128113159R:A1510,0 15,  00000107, 9, 0, 1, 0
20100128113201R:U1500,0 15,  00001282, 0
20100128113201S:U1500,0 15,  00001282,00
20100128113210R:A1504,0 15,  00001282, 0, 0
20100128113210R:A1503,0 15,  00000107, 0, 0
20100128113211S:A1503,0015,  00000107,01,00
20100128113217R:U1500,0 15,  00000107, 0
20100128113217S:U1500,0 15,  00000107,00
20100128113250R:A1504,0 15,  00000107, 0, 0
20100128113309R:A1501,0 15,  00000086,0, 0
20100128113310R:A1510,0 15,  00000086, 1, 0, 0, 0
20100128113319R:A1510,0 15,  00000086, 9, 0, 0, 0
20100128113323R:A1503,0 15,  00000086, 0, 0
20100128113323S:A1503,0015,  00000086,01,00
20100128113329R:U1500,0 15,  00000086, 0
20100128113329S:U1500,0 15,  00000086,00
20100128113330S:A1500,0015,  00000026,1, 0,00
20100128113332R:A1504,0 15,  00000086, 0, 0
20100128113418S:A1500,0015,  00001265,1, 0,00
20100128113721S:A1500,0015,  00000158,1, 0,00
20100128113736S:A1500,0015,  00000077,1, 0,00
20100128113816R:A1501,0 15,  00001200,0, 0
20100128113817R:A1510,0 15,  00001200, 1, 0, 0, 0
20100128113826R:A1510,0 15,  00001200, 9, 0, 0, 0
20100128113830R:A1503,0 15,  00001200, 0, 0
20100128113830S:A1503,0015,  00001200,01,00
20100128113838R:A1501,0 15,  00001220,0, 0
20100128113838R:A1510,0 15,  00001220, 1, 0, 1, 0
20100128113847R:A1510,0 15,  00001220, 9, 0, 1, 0
20100128113849R:U1500,0 15,  00001200, 0
20100128113849S:U1500,0 15,  00001200,00
20100128113859R:A1504,0 15,  00001200, 0, 0
20100128113859R:A1503,0 15,  00001220, 0, 0
20100128113859S:A1503,0015,  00001220,01,00
20100128113905R:U1500,0 15,  00001220, 0
20100128113905S:U1500,0 15,  00001220,00
20100128113938R:A1504,0 15,  00001220, 0, 0
20100128114148S:A1500,0015,  00001182,1, 0,00
20100128114205S:A1500,0015,  00000198,1, 0,00
20100128114218S:A1500,0015,  00000196,1, 0,00
20100128114507R:A1501,0 15,  00001265,0, 0
20100128114507R:A1510,0 15,  00001265, 1, 0, 0, 0
20100128114516R:A1510,0 15,  00001265, 9, 0, 0, 0
20100128114521R:A1503,0 15,  00001265, 0, 0
20100128114521S:A1503,0015,  00001265,01,00
20100128114527R:U1500,0 15,  00001265, 0
20100128114527S:U1500,0 15,  00001265,00
20100128114530R:A1504,0 15,  00001265, 0, 0
20100128114743R:A1501,0 15,  00000026,0, 0
20100128114743R:A1510,0 15,  00000026, 1, 0, 0, 0
20100128114752R:A1510,0 15,  00000026, 9, 0, 0, 0
20100128114757R:A1503,0 15,  00000026, 0, 0
20100128114757S:A1503,0015,  00000026,01,00
20100128114805R:A1501,0 15,  00000077,0, 0
20100128114805R:A1510,0 15,  00000077, 1, 0, 1, 0
20100128114814R:A1510,0 15,  00000077, 9, 0, 1, 0
20100128114816R:U1500,0 15,  00000026, 0
20100128114816S:U1500,0 15,  00000026,00
20100128114825R:A1504,0 15,  00000026, 0, 0
20100128114826R:A1503,0 15,  00000077, 0, 0
20100128114826S:A1503,0015,  00000077,01,00
20100128114832R:U1500,0 15,  00000077, 0
20100128114832S:U1500,0 15,  00000077,00
20100128114905R:A1504,0 15,  00000077, 0, 0
20100128114916R:A1501,0 15,  00000158,0, 0
20100128114917R:A1510,0 15,  00000158, 1, 0, 0, 0
20100128114926R:A1510,0 15,  00000158, 9, 0, 0, 0
20100128114930R:A1503,0 15,  00000158, 0, 0
20100128114930S:A1503,0015,  00000158,01,00
20100128114936R:U1500,0 15,  00000158, 0
20100128114936S:U1500,0 15,  00000158,00
20100128114939R:A1504,0 15,  00000158, 0, 0
20100128115020S:A1500,0015,  00001206,1, 0,00
20100128115037S:A1500,0015,  00001253,1, 0,00
20100128115117S:A1500,0015,  00001184,1, 0,00
20100128115445S:A1500,0015,  00000193,1, 0,00
20100128115457S:A1500,0015,  00001257,1, 0,00
20100128115751R:A1501,0 15,  00001182,0, 0
20100128115751R:A1510,0 15,  00001182, 1, 0, 0, 0
20100128115800R:A1510,0 15,  00001182, 9, 0, 0, 0
20100128115805R:A1503,0 15,  00001182, 0, 0
20100128115805S:A1503,0015,  00001182,01,00
20100128115812R:A1501,0 15,  00000198,0, 0
20100128115812R:A1510,0 15,  00000198, 1, 0, 1, 0
20100128115821R:A1510,0 15,  00000198, 9, 0, 1, 0
20100128115823R:U1500,0 15,  00001182, 0
20100128115823S:U1500,0 15,  00001182,00
20100128115832R:A1504,0 15,  00001182, 0, 0
20100128115833R:A1503,0 15,  00000198, 0, 0
20100128115833S:A1503,0015,  00000198,01,00
20100128115839R:U1500,0 15,  00000198, 0
20100128115839S:U1500,0 15,  00000198,00
20100128115901S:A1500,0015,  00001283,1, 0,00
20100128115912R:A1504,0 15,  00000198, 0, 0
20100128115914S:A1500,0015,  00000041,1, 0,00
20100128115924R:A1501,0 15,  00000196,0, 0
20100128115924R:A1510,0 15,  00000196, 1, 0, 0, 0
20100128115933R:A1510,0 15,  00000196, 9, 0, 0, 0
20100128115938R:A1503,0 15,  00000196, 0, 0
20100128115938S:A1503,0015,  00000196,01,00
20100128115944R:U1500,0 15,  00000196, 0
20100128115944S:U1500,0 15,  00000196,00
20100128115947R:A1504,0 15,  00000196, 0, 0
20100128120132R:A1501,0 15,  00001206,0, 0
20100128120133R:A1510,0 15,  00001206, 1, 0, 0, 0
20100128120142R:A1510,0 15,  00001206, 9, 0, 0, 0
20100128120146R:A1503,0 15,  00001206, 0, 0
20100128120147S:A1503,0015,  00001206,01,00
20100128120149R:A1501,0 15,  00001184,0, 0
20100128120150R:A1510,0 15,  00001184, 1, 0, 1, 0
20100128120159R:A1510,0 15,  00001184, 9, 0, 1, 0
20100128120201R:U1500,0 15,  00001206, 0
20100128120201S:U1500,0 15,  00001206,00
20100128120210R:A1504,0 15,  00001206, 0, 0
20100128120210R:A1503,0 15,  00001184, 0, 0
20100128120211S:A1503,0015,  00001184,01,00
20100128120217R:U1500,0 15,  00001184, 0
20100128120217S:U1500,0 15,  00001184,00
20100128120250R:A1504,0 15,  00001184, 0, 0
20100128120435S:A1500,0015,  00000129,1, 0,00
20100128120501S:A1500,0015,  00000077,1, 0,00
20100128120605R:A1501,0 15,  00000193,0, 0
20100128120605R:A1510,0 15,  00000193, 1, 0, 0, 0
20100128120614R:A1510,0 15,  00000193, 9, 0, 0, 0
20100128120619R:A1503,0 15,  00000193, 0, 0
20100128120619S:A1503,0015,  00000193,01,00
20100128120625R:U1500,0 15,  00000193, 0
20100128120625S:U1500,0 15,  00000193,00
20100128120627R:A1504,0 15,  00000193, 0, 0
20100128120800R:A1501,0 15,  00001253,0, 0
20100128120800R:A1510,0 15,  00001253, 1, 0, 0, 0
20100128120809R:A1510,0 15,  00001253, 9, 0, 0, 0
20100128120814R:A1503,0 15,  00001253, 0, 0
20100128120814S:A1503,0015,  00001253,01,00
20100128120822R:A1501,0 15,  00001257,0, 0
20100128120822R:A1510,0 15,  00001257, 1, 0, 1, 0
20100128120831R:A1510,0 15,  00001257, 9, 0, 1, 0
20100128120833R:U1500,0 15,  00001253, 0
20100128120833S:U1500,0 15,  00001253,00
20100128120842R:A1504,0 15,  00001253, 0, 0
20100128120842R:A1503,0 15,  00001257, 0, 0
20100128120843S:A1503,0015,  00001257,01,00
20100128120849R:U1500,0 15,  00001257, 0
20100128120849S:U1500,0 15,  00001257,00
20100128120922R:A1504,0 15,  00001257, 0, 0
20100128121102S:A1500,0015,  00001035,1, 0,00
20100128121124S:A1500,0015,  00000158,1, 0,00
20100128121136S:A1500,0015,  00001265,1, 0,00
20100128121259S:A1500,0015,  00000026,1, 0,00
20100128121732S:A1500,0015,  00000063,1, 0,00
20100128121758S:A1500,0015,  00001188,1, 0,00
20100128121822R:A1501,0 15,  00001283,0, 0
20100128121822R:A1510,0 15,  00001283, 1, 0, 0, 0
20100128121831R:A1510,0 15,  00001283, 9, 0, 0, 0
20100128121836R:A1503,0 15,  00001283, 0, 0
20100128121836S:A1503,0015,  00001283,01,00
20100128121843R:A1501,0 15,  00000041,0, 0
20100128121843R:A1510,0 15,  00000041, 1, 0, 1, 0
20100128121852R:A1510,0 15,  00000041, 9, 0, 1, 0
20100128121854R:U1500,0 15,  00001283, 0
20100128121854S:U1500,0 15,  00001283,00
20100128121903R:A1504,0 15,  00001283, 0, 0
20100128121903R:A1503,0 15,  00000041, 0, 0
20100128121904S:A1503,0015,  00000041,01,00
20100128121910R:U1500,0 15,  00000041, 0
20100128121910S:U1500,0 15,  00000041,00
20100128121943R:A1504,0 15,  00000041, 0, 0
20100128121955R:A1501,0 15,  00000129,0, 0
20100128121955R:A1510,0 15,  00000129, 1, 0, 0, 0
20100128122004R:A1510,0 15,  00000129, 9, 0, 0, 0
20100128122008R:A1503,0 15,  00000129, 0, 0
20100128122009S:A1503,0015,  00000129,01,00
20100128122016R:A1501,0 15,  00000077,0, 0
20100128122017R:A1510,0 15,  00000077, 1, 0, 1, 0
20100128122026R:A1510,0 15,  00000077, 9, 0, 1, 0
20100128122028R:U1500,0 15,  00000129, 0
20100128122028S:U1500,0 15,  00000129,00
20100128122037R:A1504,0 15,  00000129, 0, 0
20100128122037R:A1503,0 15,  00000077, 0, 0
20100128122038S:A1503,0015,  00000077,01,00
20100128122043R:U1500,0 15,  00000077, 0
20100128122043S:U1500,0 15,  00000077,00
20100128122116R:A1504,0 15,  00000077, 0, 0
20100128122235R:A1501,0 15,  00001035,0, 0
20100128122235R:A1510,0 15,  00001035, 1, 0, 0, 0
20100128122244R:A1510,0 15,  00001035, 9, 0, 0, 0
20100128122248R:A1503,0 15,  00001035, 0, 0
20100128122249S:A1503,0015,  00001035,01,00
20100128122251R:A1501,0 15,  00000158,0, 0
20100128122252R:A1510,0 15,  00000158, 1, 0, 1, 0
20100128122301R:A1510,0 15,  00000158, 9, 0, 1, 0
20100128122303R:U1500,0 15,  00001035, 0
20100128122303S:U1500,0 15,  00001035,00
20100128122312R:A1504,0 15,  00001035, 0, 0
20100128122312R:A1503,0 15,  00000158, 0, 0
20100128122313S:A1503,0015,  00000158,01,00
20100128122318R:U1500,0 15,  00000158, 0
20100128122318S:U1500,0 15,  00000158,00
20100128122351R:A1504,0 15,  00000158, 0, 0
20100128122657R:A1501,0 15,  00001265,0, 0
20100128122657R:A1510,0 15,  00001265, 1, 0, 0, 0
20100128122706R:A1510,0 15,  00001265, 9, 0, 0, 0
20100128122711R:A1503,0 15,  00001265, 0, 0
20100128122711S:A1503,0015,  00001265,01,00
20100128122719R:A1501,0 15,  00000026,0, 0
20100128122719R:A1510,0 15,  00000026, 1, 0, 1, 0
20100128122728R:A1510,0 15,  00000026, 9, 0, 1, 0
20100128122730R:U1500,0 15,  00001265, 0
20100128122730S:U1500,0 15,  00001265,00
20100128122740R:A1504,0 15,  00001265, 0, 0
20100128122740R:A1503,0 15,  00000026, 0, 0
20100128122740S:A1503,0015,  00000026,01,00
20100128122743S:A1500,0015,  00000036,1, 0,00
20100128122746R:U1500,0 15,  00000026, 0
20100128122746S:U1500,0 15,  00000026,00
20100128122759S:A1500,0015,  00000173,1, 0,00
20100128122811S:A1500,0015,  00001048,1, 0,00
20100128122813R:A1504,0 15,  00000026, 0, 0
20100128122829R:A1501,0 15,  00000063,0, 0
20100128122829R:A1510,0 15,  00000063, 1, 0, 0, 0
20100128122838R:A1510,0 15,  00000063, 9, 0, 0, 0
20100128122842R:A1503,0 15,  00000063, 0, 0
20100128122843S:A1503,0015,  00000063,01,00
20100128122848R:U1500,0 15,  00000063, 0
20100128122848S:U1500,0 15,  00000063,00
20100128122851R:A1504,0 15,  00000063, 0, 0
20100128123107S:A1500,0015,  00000066,1, 0,00
20100128123457S:A1500,0015,  00001018,1, 0,00
20100128123510S:A1500,0015,  00001269,1, 0,00
20100128123612R:A1501,0 15,  00001188,0, 0
20100128123612R:A1510,0 15,  00001188, 1, 0, 0, 0
20100128123621R:A1510,0 15,  00001188, 9, 0, 0, 0
20100128123626R:A1503,0 15,  00001188, 0, 0
20100128123626S:A1503,0015,  00001188,01,00
20100128123632R:U1500,0 15,  00001188, 0
20100128123632S:U1500,0 15,  00001188,00
20100128123635R:A1504,0 15,  00001188, 0, 0
20100128123907R:A1501,0 15,  00001048,0, 0
20100128123907R:A1510,0 15,  00001048, 1, 0, 0, 0
20100128123916R:A1510,0 15,  00001048, 9, 0, 0, 0
20100128123921R:A1503,0 15,  00001048, 0, 0
20100128123921S:A1503,0015,  00001048,01,00
20100128123927R:U1500,0 15,  00001048, 0
20100128123927S:U1500,0 15,  00001048,00
20100128123930R:A1504,0 15,  00001048, 0, 0
20100128124201R:A1501,0 15,  00000066,0, 0
20100128124201R:A1510,0 15,  00000066, 1, 0, 0, 0
20100128124210R:A1510,0 15,  00000066, 9, 0, 0, 0
20100128124215R:A1503,0 15,  00000066, 0, 0
20100128124215S:A1503,0015,  00000066,01,00
20100128124221R:U1500,0 15,  00000066, 0
20100128124221S:U1500,0 15,  00000066,00
20100128124223R:A1504,0 15,  00000066, 0, 0
20100128124337S:A1500,0015,  00001162,1, 0,00
20100128124355S:A1500,0015,  00001182,1, 0,00
20100128124527R:A1501,0 15,  00000036,0, 0
20100128124527R:A1510,0 15,  00000036, 1, 0, 0, 0
20100128124536R:A1510,0 15,  00000036, 9, 0, 0, 0
20100128124541R:A1503,0 15,  00000036, 0, 0
20100128124541S:A1503,0015,  00000036,01,00
20100128124549R:A1501,0 15,  00000173,0, 0
20100128124549R:A1510,0 15,  00000173, 1, 0, 1, 0
20100128124558R:A1510,0 15,  00000173, 9, 0, 1, 0
20100128124600R:U1500,0 15,  00000036, 0
20100128124600S:U1500,0 15,  00000036,00
20100128124609R:A1504,0 15,  00000036, 0, 0
20100128124609R:A1503,0 15,  00000173, 0, 0
20100128124610S:A1503,0015,  00000173,01,00
20100128124616R:U1500,0 15,  00000173, 0
20100128124616S:U1500,0 15,  00000173,00
20100128124636S:A1500,0015,  00000063,1, 0,00
20100128124649R:A1504,0 15,  00000173, 0, 0
20100128124726R:A1501,0 15,  00001018,0, 0
20100128124726R:A1510,0 15,  00001018, 1, 0, 0, 0
20100128124735R:A1510,0 15,  00001018, 9, 0, 0, 0
20100128124740R:A1503,0 15,  00001018, 0, 0
20100128124740S:A1503,0015,  00001018,01,00
20100128124748R:A1501,0 15,  00001269,0, 0
20100128124748R:A1510,0 15,  00001269, 1, 0, 1, 0
20100128124757R:A1510,0 15,  00001269, 9, 0, 1, 0
20100128124759R:U1500,0 15,  00001018, 0
20100128124759S:U1500,0 15,  00001018,00
20100128124808R:A1504,0 15,  00001018, 0, 0
20100128124809R:A1503,0 15,  00001269, 0, 0
20100128124809S:A1503,0015,  00001269,01,00
20100128124815R:U1500,0 15,  00001269, 0
20100128124815S:U1500,0 15,  00001269,00
20100128124841R:A1504,0 15,  00001269, 0, 0
20100128125006S:A1500,0015,  00001035,1, 0,00
20100128125428R:A1501,0 15,  00001162,0, 0
20100128125428R:A1510,0 15,  00001162, 1, 0, 0, 0
20100128125437R:A1510,0 15,  00001162, 9, 0, 0, 0
20100128125442R:A1503,0 15,  00001162, 0, 0
20100128125442S:A1503,0015,  00001162,01,00
20100128125448R:U1500,0 15,  00001162, 0
20100128125448S:U1500,0 15,  00001162,00
20100128125449S:A1500,0015,  00000158,1, 0,00
20100128125450R:A1504,0 15,  00001162, 0, 0
20100128125540R:A1501,0 15,  00001182,0, 0
20100128125540R:A1510,0 15,  00001182, 1, 0, 0, 0
20100128125549R:A1510,0 15,  00001182, 9, 0, 0, 0
20100128125554R:A1503,0 15,  00001182, 0, 0
20100128125554S:A1503,0015,  00001182,01,00
20100128125600R:U1500,0 15,  00001182, 0
20100128125600S:U1500,0 15,  00001182,00
20100128125603R:A1504,0 15,  00001182, 0, 0
20100128125740R:A1501,0 15,  00000063,0, 0
20100128125740R:A1510,0 15,  00000063, 1, 0, 0, 0
20100128125749R:A1510,0 15,  00000063, 9, 0, 0, 0
20100128125753R:A1503,0 15,  00000063, 0, 0
20100128125754S:A1503,0015,  00000063,01,00
20100128125759R:U1500,0 15,  00000063, 0
20100128125759S:U1500,0 15,  00000063,00
20100128125802R:A1504,0 15,  00000063, 0, 0
20100128125856S:A1500,0015,  00001265,1, 0,00
20100128130056R:A1501,0 15,  00001035,0, 0
20100128130056R:A1510,0 15,  00001035, 1, 0, 0, 0
20100128130105R:A1510,0 15,  00001035, 9, 0, 0, 0
20100128130110R:A1503,0 15,  00001035, 0, 0
20100128130110S:A1503,0015,  00001035,01,00
20100128130116R:U1500,0 15,  00001035, 0
20100128130116S:U1500,0 15,  00001035,00
20100128130119R:A1504,0 15,  00001035, 0, 0
20100128130125S:A1500,0015,  00000035,1, 0,00
20100128130507S:A1500,0015,  00000125,1, 0,00
20100128130648R:A1501,0 15,  00000158,0, 0
20100128130648R:A1510,0 15,  00000158, 1, 0, 0, 0
20100128130657R:A1510,0 15,  00000158, 9, 0, 0, 0
20100128130702R:A1503,0 15,  00000158, 0, 0
20100128130703S:A1503,0015,  00000158,01,00
20100128130708R:U1500,0 15,  00000158, 0
20100128130708S:U1500,0 15,  00000158,00
20100128130711R:A1504,0 15,  00000158, 0, 0
20100128130854S:A1500,0015,  00001041,1, 0,00
20100128131554R:A1501,0 15,  00000125,0, 0
20100128131555R:A1510,0 15,  00000125, 1, 0, 0, 0
20100128131603R:A1510,0 15,  00000125, 9, 0, 0, 0
20100128131608R:A1503,0 15,  00000125, 0, 0
20100128131608S:A1503,0015,  00000125,01,00
20100128131611R:A1501,0 15,  00001265,0, 0
20100128131611R:A1510,0 15,  00001265, 1, 0, 1, 0
20100128131620R:A1510,0 15,  00001265, 9, 0, 1, 0
20100128131622R:U1500,0 15,  00000125, 0
20100128131622S:U1500,0 15,  00000125,00
20100128131631R:A1504,0 15,  00000125, 0, 0
20100128131631R:A1503,0 15,  00001265, 0, 0
20100128131632S:A1503,0015,  00001265,01,00
20100128131637R:U1500,0 15,  00001265, 0
20100128131637S:U1500,0 15,  00001265,00
20100128131704R:A1504,0 15,  00001265, 0, 0
20100128131715R:A1501,0 15,  00000035,0, 0
20100128131716R:A1510,0 15,  00000035, 1, 0, 0, 0
20100128131725R:A1510,0 15,  00000035, 9, 0, 0, 0
20100128131729R:A1503,0 15,  00000035, 0, 0
20100128131729S:A1503,0015,  00000035,01,00
20100128131735R:U1500,0 15,  00000035, 0
20100128131735S:U1500,0 15,  00000035,00
20100128131738R:A1504,0 15,  00000035, 0, 0
20100128132058S:A1500,0015,  00000005,1, 0,00
20100128132131S:A1500,0015,  00000114,1, 0,00
20100128132521R:A1501,0 15,  00001041,0, 0
20100128132521R:A1510,0 15,  00001041, 1, 0, 0, 0
20100128132530R:A1510,0 15,  00001041, 9, 0, 0, 0
20100128132535R:A1503,0 15,  00001041, 0, 0
20100128132535S:A1503,0015,  00001041,01,00
20100128132541R:U1500,0 15,  00001041, 0
20100128132541S:U1500,0 15,  00001041,00
20100128132544R:A1504,0 15,  00001041, 0, 0
20100128133105S:A1500,0015,  00001032,1, 0,00
20100128133147S:A1500,0015,  00000007,1, 0,00
20100128133212R:A1501,0 15,  00000114,0, 0
20100128133212R:A1510,0 15,  00000114, 1, 0, 0, 0
20100128133221R:A1510,0 15,  00000114, 9, 0, 0, 0
20100128133225R:A1503,0 15,  00000114, 0, 0
20100128133226S:A1503,0015,  00000114,01,00
20100128133231R:U1500,0 15,  00000114, 0
20100128133231S:U1500,0 15,  00000114,00
20100128133234R:A1504,0 15,  00000114, 0, 0
20100128133410R:A1501,0 15,  00000005,0, 0
20100128133411R:A1510,0 15,  00000005, 1, 0, 0, 0
20100128133420R:A1510,0 15,  00000005, 9, 0, 0, 0
20100128133424R:A1503,0 15,  00000005, 0, 0
20100128133424S:A1503,0015,  00000005,01,00
20100128133430R:U1500,0 15,  00000005, 0
20100128133430S:U1500,0 15,  00000005,00
20100128133433R:A1504,0 15,  00000005, 0, 0
20100128133818S:A1500,0015,  00000090,1, 0,00
20100128133831S:A1500,0015,  00001018,1, 0,00
20100128134146R:A1501,0 15,  00001032,0, 0
20100128134146R:A1510,0 15,  00001032, 1, 0, 0, 0
20100128134155R:A1510,0 15,  00001032, 9, 0, 0, 0
20100128134159R:A1503,0 15,  00001032, 0, 0
20100128134200S:A1503,0015,  00001032,01,00
20100128134205R:U1500,0 15,  00001032, 0
20100128134205S:U1500,0 15,  00001032,00
20100128134208R:A1504,0 15,  00001032, 0, 0
20100128134223R:A1501,0 15,  00000007,0, 0
20100128134223R:A1510,0 15,  00000007, 1, 0, 0, 0
20100128134232R:A1510,0 15,  00000007, 9, 0, 0, 0
20100128134237R:A1503,0 15,  00000007, 0, 0
20100128134237S:A1503,0015,  00000007,01,00
20100128134243R:U1500,0 15,  00000007, 0
20100128134243S:U1500,0 15,  00000007,00
20100128134245R:A1504,0 15,  00000007, 0, 0
20100128134302S:A1500,0015,  00000173,1, 0,00
20100128134946R:A1501,0 15,  00001018,0, 0
20100128134946R:A1510,0 15,  00001018, 1, 0, 0, 0
20100128134955R:A1510,0 15,  00001018, 9, 0, 0, 0
20100128135000R:A1503,0 15,  00001018, 0, 0
20100128135000S:A1503,0015,  00001018,01,00
20100128135006R:U1500,0 15,  00001018, 0
20100128135006S:U1500,0 15,  00001018,00
20100128135009R:A1504,0 15,  00001018, 0, 0
20100128135028R:A1501,0 15,  00000090,0, 0
20100128135028R:A1510,0 15,  00000090, 1, 0, 0, 0
20100128135037R:A1510,0 15,  00000090, 9, 0, 0, 0
20100128135041R:A1503,0 15,  00000090, 0, 0
20100128135042S:A1503,0015,  00000090,01,00
20100128135047R:U1500,0 15,  00000090, 0
20100128135047S:U1500,0 15,  00000090,00
20100128135050R:A1504,0 15,  00000090, 0, 0
20100128135359R:A1501,0 15,  00000173,0, 0
20100128135359R:A1510,0 15,  00000173, 1, 0, 0, 0
20100128135408R:A1510,0 15,  00000173, 9, 0, 0, 0
20100128135412R:A1503,0 15,  00000173, 0, 0
20100128135413S:A1503,0015,  00000173,01,00
20100128135419R:U1500,0 15,  00000173, 0
20100128135419S:U1500,0 15,  00000173,00
20100128135421R:A1504,0 15,  00000173, 0, 0
20100128135421R:I1503,0 15,0100, 0, 0, 0, 0
20100128135608S:A1500,0015,  00000131,1, 0,00
20100128135608R:I1503,0 15,0101, 0, 0, 0, 0
20100128140701R:A1501,0 15,  00000131,0, 0
20100128140701R:A1510,0 15,  00000131, 1, 0, 0, 0
20100128140710R:A1510,0 15,  00000131, 9, 0, 0, 0
20100128140715R:A1503,0 15,  00000131, 0, 0
20100128140715S:A1503,0015,  00000131,01,00
20100128140721R:U1500,0 15,  00000131, 0
20100128140721S:U1500,0 15,  00000131,00
20100128140723R:A1504,0 15,  00000131, 0, 0
20100128140723R:I1503,0 15,0100, 0, 0, 0, 0
20100128141229S:A1500,0015,  00000066,1, 0,00
20100128141229R:I1503,0 15,0101, 0, 0, 0, 0
20100128141247S:A1500,0015,  00001145,1, 0,00
20100128142319S:A1500,0015,  00000036,1, 0,00
20100128142331S:A1500,0015,  00000005,1, 0,00
20100128142334R:A1501,0 15,  00001145,0, 0
20100128142334R:A1510,0 15,  00001145, 1, 0, 0, 0
20100128142343R:A1510,0 15,  00001145, 9, 0, 0, 0
20100128142348R:A1503,0 15,  00001145, 0, 0
20100128142348S:A1503,0015,  00001145,01,00
20100128142351R:A1501,0 15,  00000066,0, 0
20100128142351R:A1510,0 15,  00000066, 1, 0, 1, 0
20100128142400R:A1510,0 15,  00000066, 9, 0, 1, 0
20100128142402R:U1500,0 15,  00001145, 0
20100128142402S:U1500,0 15,  00001145,00
20100128142411R:A1504,0 15,  00001145, 0, 0
20100128142411R:A1503,0 15,  00000066, 0, 0
20100128142412S:A1503,0015,  00000066,01,00
20100128142418R:U1500,0 15,  00000066, 0
20100128142418S:U1500,0 15,  00000066,00
20100128142444R:A1504,0 15,  00000066, 0, 0
20100128142834S:A1500,0015,  00001271,1, 0,00
20100128142846S:A1500,0015,  00000090,1, 0,00
20100128143515R:A1501,0 15,  00000036,0, 0
20100128143515R:A1510,0 15,  00000036, 1, 0, 0, 0
20100128143524R:A1510,0 15,  00000036, 9, 0, 0, 0
20100128143529R:A1503,0 15,  00000036, 0, 0
20100128143529S:A1503,0015,  00000036,01,00
20100128143537R:A1501,0 15,  00000005,0, 0
20100128143537R:A1510,0 15,  00000005, 1, 0, 1, 0
20100128143546R:A1510,0 15,  00000005, 9, 0, 1, 0
20100128143548R:U1500,0 15,  00000036, 0
20100128143548S:U1500,0 15,  00000036,00
20100128143557R:A1504,0 15,  00000036, 0, 0
20100128143557R:A1503,0 15,  00000005, 0, 0
20100128143558S:A1503,0015,  00000005,01,00
20100128143604R:U1500,0 15,  00000005, 0
20100128143604S:U1500,0 15,  00000005,00
20100128143637R:A1504,0 15,  00000005, 0, 0
20100128143855S:A1500,0015,  00000071,1, 0,00
20100128143927R:A1501,0 15,  00001271,0, 0
20100128143927R:A1510,0 15,  00001271, 1, 0, 0, 0
20100128143936R:A1510,0 15,  00001271, 9, 0, 0, 0
20100128143941R:A1503,0 15,  00001271, 0, 0
20100128143941S:A1503,0015,  00001271,01,00
20100128143945R:A1501,0 15,  00000090,0, 0
20100128143945R:A1510,0 15,  00000090, 1, 0, 1, 0
20100128143954R:A1510,0 15,  00000090, 9, 0, 1, 0
20100128143956R:U1500,0 15,  00001271, 0
20100128143956S:U1500,0 15,  00001271,00
20100128144005R:A1504,0 15,  00001271, 0, 0
20100128144006R:A1503,0 15,  00000090, 0, 0
20100128144006S:A1503,0015,  00000090,01,00
20100128144012R:U1500,0 15,  00000090, 0
20100128144012S:U1500,0 15,  00000090,00
20100128144039R:A1504,0 15,  00000090, 0, 0
20100128144847R:A1501,0 15,  00000071,0, 0
20100128144848R:A1510,0 15,  00000071, 1, 0, 0, 0
20100128144856R:A1510,0 15,  00000071, 9, 0, 0, 0
20100128144901R:A1503,0 15,  00000071, 0, 0
20100128144901S:A1503,0015,  00000071,01,00
20100128144907R:U1500,0 15,  00000071, 0
20100128144907S:U1500,0 15,  00000071,00
20100128144910R:A1504,0 15,  00000071, 0, 0
20100128144910R:I1503,0 15,0100, 0, 0, 0, 0
20100128145831S:A1500,0015,  00001297,1, 0,00
20100128145831R:I1503,0 15,0101, 0, 0, 0, 0
20100128145850S:A1500,0015,  00000106,1, 0,00
20100128150312S:A1500,0015,  00000056,1, 0,00
20100128150715S:A1500,0015,  00001159,1, 0,00
20100128150730S:A1500,0015,  00001007,1, 0,00
20100128150755S:A1500,0015,  00001267,1, 0,00
20100128150944R:A1501,0 15,  00001297,0, 0
20100128150944R:A1510,0 15,  00001297, 1, 0, 0, 0
20100128150953R:A1510,0 15,  00001297, 9, 0, 0, 0
20100128150958R:A1503,0 15,  00001297, 0, 0
20100128150958S:A1503,0015,  00001297,01,00
20100128151004R:U1500,0 15,  00001297, 0
20100128151004S:U1500,0 15,  00001297,00
20100128151007R:A1504,0 15,  00001297, 0, 0
20100128151025R:A1501,0 15,  00000106,0, 0
20100128151025R:A1510,0 15,  00000106, 1, 0, 0, 0
20100128151034R:A1510,0 15,  00000106, 9, 0, 0, 0
20100128151039R:A1503,0 15,  00000106, 0, 0
20100128151039S:A1503,0015,  00000106,01,00
20100128151045R:U1500,0 15,  00000106, 0
20100128151045S:U1500,0 15,  00000106,00
20100128151047R:A1504,0 15,  00000106, 0, 0
20100128151345R:A1501,0 15,  00000056,0, 0
20100128151345R:A1510,0 15,  00000056, 1, 0, 0, 0
20100128151354R:A1510,0 15,  00000056, 9, 0, 0, 0
20100128151358R:A1503,0 15,  00000056, 0, 0
20100128151359S:A1503,0015,  00000056,01,00
20100128151404R:U1500,0 15,  00000056, 0
20100128151405S:U1500,0 15,  00000056,00
20100128151407R:A1504,0 15,  00000056, 0, 0
20100128151913R:A1501,0 15,  00001159,0, 0
20100128151913R:A1510,0 15,  00001159, 1, 0, 0, 0
20100128151922R:A1510,0 15,  00001159, 9, 0, 0, 0
20100128151926R:A1503,0 15,  00001159, 0, 0
20100128151927S:A1503,0015,  00001159,01,00
20100128151934R:A1501,0 15,  00001007,0, 0
20100128151934R:A1510,0 15,  00001007, 1, 0, 1, 0
20100128151943R:A1510,0 15,  00001007, 9, 0, 1, 0
20100128151945R:U1500,0 15,  00001159, 0
20100128151945S:U1500,0 15,  00001159,00
20100128151954R:A1504,0 15,  00001159, 0, 0
20100128151954R:A1503,0 15,  00001007, 0, 0
20100128151955S:A1503,0015,  00001007,01,00
20100128152000R:U1500,0 15,  00001007, 0
20100128152000S:U1500,0 15,  00001007,00
20100128152031S:A1500,0015,  00001270,1, 0,00
20100128152034R:A1504,0 15,  00001007, 0, 0
20100128152046R:A1501,0 15,  00001267,0, 0
20100128152046R:A1510,0 15,  00001267, 1, 0, 0, 0
20100128152055R:A1510,0 15,  00001267, 9, 0, 0, 0
20100128152100R:A1503,0 15,  00001267, 0, 0
20100128152100S:A1503,0015,  00001267,01,00
20100128152106R:U1500,0 15,  00001267, 0
20100128152106S:U1500,0 15,  00001267,00
20100128152108R:A1504,0 15,  00001267, 0, 0
20100128153141R:A1501,0 15,  00001270,0, 0
20100128153141R:A1510,0 15,  00001270, 1, 0, 0, 0
20100128153150R:A1510,0 15,  00001270, 9, 0, 0, 0
20100128153154R:A1503,0 15,  00001270, 0, 0
20100128153155S:A1503,0015,  00001270,01,00
20100128153200R:U1500,0 15,  00001270, 0
20100128153200S:U1500,0 15,  00001270,00
20100128153203R:A1504,0 15,  00001270, 0, 0
20100128153203R:I1503,0 15,0100, 0, 0, 0, 0
20100128153416S:A1500,0015,  00000123,1, 0,00
20100128153417R:I1503,0 15,0101, 0, 0, 0, 0
20100128154142S:A1500,0015,  00000147,1, 0,00
20100128154448R:A1501,0 15,  00000123,0, 0
20100128154448R:A1510,0 15,  00000123, 1, 0, 0, 0
20100128154457R:A1510,0 15,  00000123, 9, 0, 0, 0
20100128154502R:A1503,0 15,  00000123, 0, 0
20100128154502S:A1503,0015,  00000123,01,00
20100128154508R:U1500,0 15,  00000123, 0
20100128154508S:U1500,0 15,  00000123,00
20100128154511R:A1504,0 15,  00000123, 0, 0
20100128155237R:A1501,0 15,  00000147,0, 0
20100128155237R:A1510,0 15,  00000147, 1, 0, 0, 0
20100128155246R:A1510,0 15,  00000147, 9, 0, 0, 0
20100128155250R:A1503,0 15,  00000147, 0, 0
20100128155251S:A1503,0015,  00000147,01,00
20100128155256R:U1500,0 15,  00000147, 0
20100128155256S:U1500,0 15,  00000147,00
20100128155259R:A1504,0 15,  00000147, 0, 0
20100128155259R:I1503,0 15,0100, 0, 0, 0, 0
