20100128072928R:I1303,0 13,0201, 0, 0, 0, 0
20100128072934R:I1303,0 13,0200, 0, 0, 0, 0
20100128072958R:A1306,0 13,1AQ ,,1820,5,
1,7769,10012702864,
2,7770,10012702854,
3,7771,10012702866,
4,7772,10012702888,
5,7773,10012702869,
, 0
20100128072958S:A1307,0013,00,0,1HI ,00,1820,5,
1,7769,10012702864,,,                ,0,
2,7770,10012702854,,,                ,0,
3,7771,10012702866,,,                ,0,
4,7772,10012702888,,,                ,0,
5,7773,10012702869,,,                ,0,
,00
20100128073021R:I1303,0 13,0201, 0, 0, 0, 0
20100128073028R:I1303,0 13,0200, 0, 0, 0, 0
20100128073052R:A1306,0 13,1AQ ,,1821,5,
1,7774,10012702894,
2,7775,10012702890,
3,7776,10012702925,
4,7777,10012702956,
5,7778,10012702999,
, 0
20100128073053S:A1307,0013,00,0,1HI ,00,1821,5,
1,7774,10012702894,,,                ,0,
2,7775,10012702890,,,                ,0,
3,7776,10012702925,,,                ,0,
4,7777,10012702956,,,                ,0,
5,7778,10012702999,,,                ,0,
,00
20100128073056R:I1303,0 13,0201, 0, 0, 0, 0
20100128073102R:I1303,0 13,0200, 0, 0, 0, 0
20100128073123R:A1306,0 13,1AQ ,,1822,4,
1,7779,10012702796,
2,7780,10012703063,
4,7781,10012703101,
5,7782,10012700713,
, 0
20100128073123S:A1307,0013,00,0,1HI ,00,1822,4,
1,7779,10012702796,,,                ,0,
2,7780,10012703063,,,                ,0,
4,7781,10012703101,,,                ,0,
5,7782,10012700713,,,                ,0,
,00
20100128073145R:I1303,0 13,0201, 0, 0, 0, 0
20100128073151R:I1303,0 13,0200, 0, 0, 0, 0
20100128073218R:A1306,0 13,1AQ ,,1823,5,
1,7783,10012700597,
2,7784,10012703234,
3,7785,10012800051,
4,7786,10012703164,
5,7787,10012703128,
, 0
20100128073218S:A1307,0013,00,0,1HI ,00,1823,5,
1,7783,10012700597,,,                ,0,
2,7784,10012703234,,,                ,0,
3,7785,10012800051,,,                ,0,
4,7786,10012703164,,,                ,0,
5,7787,10012703128,,,                ,0,
,00
20100128073235R:I1303,0 13,0201, 0, 0, 0, 0
20100128073241R:I1303,0 13,0200, 0, 0, 0, 0
20100128073306R:A1306,0 13,1AQ ,,1824,5,
1,7788,10012703340,
2,7789,10012703167,
3,7790,10012800046,
4,7791,10012800662,
5,7792,10012800656,
, 0
20100128073306S:A1307,0013,00,0,1HI ,00,1824,5,
1,7788,10012703340,,,                ,0,
2,7789,10012703167,,,                ,0,
3,7790,10012800046,,,                ,0,
4,7791,10012800662,,,                ,0,
5,7792,10012800656,,,                ,0,
,00
20100128073333R:I1303,0 13,0201, 0, 0, 0, 0
20100128073339R:I1303,0 13,0200, 0, 0, 0, 0
20100128073404R:A1306,0 13,1AQ ,,1825,5,
1,7793,10012703269,
2,7794,10012800627,
3,7795,10012800626,
4,7796,10012703307,
5,7797,10012800680,
, 0
20100128073404S:A1307,0013,00,0,1HI ,00,1825,5,
1,7793,10012703269,,,                ,0,
2,7794,10012800627,,,                ,0,
3,7795,10012800626,,,                ,0,
4,7796,10012703307,,,                ,0,
5,7797,10012800680,,,                ,0,
,00
20100128073416R:I1303,0 13,0201, 0, 0, 0, 0
20100128073422R:I1303,0 13,0200, 0, 0, 0, 0
20100128073439R:I1303,0 13,0201, 0, 0, 0, 0
20100128073447R:A1306,0 13,1AQ ,,1826,5,
1,7798,10012800642,
2,7799,10012703286,
3,7800,10012800633,
4,7801,10012800652,
5,7802,10012800021,
, 0
20100128073448S:A1307,0013,00,0,1HI ,00,1826,5,
1,7798,10012800642,,,                ,0,
2,7799,10012703286,,,                ,0,
3,7800,10012800633,,,                ,0,
4,7801,10012800652,,,                ,0,
5,7802,10012800021,,,                ,0,
,00
20100128073455R:I1303,0 13,0200, 0, 0, 0, 0
20100128073510R:A1306,0 13,1AQ ,,1827,2,
1,7803,10012800030,
5,7804,10012800620,
, 0
20100128073510S:A1307,0013,00,0,1HI ,00,1827,2,
1,7803,10012800030,,,                ,0,
5,7804,10012800620,,,                ,0,
,00
20100128073523R:I1303,0 13,0201, 0, 0, 0, 0
20100128073529R:I1303,0 13,0200, 0, 0, 0, 0
20100128073553R:A1306,0 13,1AQ ,,1828,5,
1,7805,10012702761,
2,7806,10012702783,
3,7807,10012702762,
4,7808,10012702809,
5,7809,10012702891,
, 0
20100128073553S:A1307,0013,00,0,1HI ,00,1828,5,
1,7805,10012702761,,,                ,0,
2,7806,10012702783,,,                ,0,
3,7807,10012702762,,,                ,0,
4,7808,10012702809,,,                ,0,
5,7809,10012702891,,,                ,0,
,00
20100128073557R:I1303,0 13,0201, 0, 0, 0, 0
20100128073603R:I1303,0 13,0200, 0, 0, 0, 0
20100128073621R:A1306,0 13,1AQ ,,1829,3,
1,7810,10012703000,
3,7811,10012703064,
5,7812,10012703102,
, 0
20100128073621S:A1307,0013,00,0,1HI ,00,1829,3,
1,7810,10012703000,,,                ,0,
3,7811,10012703064,,,                ,0,
5,7812,10012703102,,,                ,0,
,00
20100128075719R:I1303,0 13,0201, 0, 0, 0, 0
20100128075725R:I1303,0 13,0200, 0, 0, 0, 0
20100128075749R:A1306,0 13,1AQ ,,1830,5,
1,7813,10012703070,
2,7814,10012703048,
3,7815,10012800715,
4,7816,10012800704,
5,7817,10012800719,
, 0
20100128075749S:A1307,0013,00,0,1HI ,00,1830,5,
1,7813,10012703070,,,                ,0,
2,7814,10012703048,,,                ,0,
3,7815,10012800715,,,                ,0,
4,7816,10012800704,,,                ,0,
5,7817,10012800719,,,                ,0,
,00
20100128075753R:I1303,0 13,0201, 0, 0, 0, 0
20100128075759R:I1303,0 13,0200, 0, 0, 0, 0
20100128075821R:A1306,0 13,1AQ ,,1831,4,
1,7818,10012800716,
2,7819,10012800706,
4,7820,10012800741,
5,7821,10012800721,
, 0
20100128075821S:A1307,0013,00,0,1HI ,00,1831,4,
1,7818,10012800716,,,                ,0,
2,7819,10012800706,,,                ,0,
4,7820,10012800741,,,                ,0,
5,7821,10012800721,,,                ,0,
,00
20100128075825R:I1303,0 13,0201, 0, 0, 0, 0
20100128075831R:I1303,0 13,0200, 0, 0, 0, 0
20100128075854R:A1306,0 13,1AQ ,,1832,4,
1,7822,10012800711,
2,7823,10012800735,
4,7824,10012800740,
5,7825,10012800743,
, 0
20100128075854S:A1307,0013,00,0,1HI ,00,1832,4,
1,7822,10012800711,,,                ,0,
2,7823,10012800735,,,                ,0,
4,7824,10012800740,,,                ,0,
5,7825,10012800743,,,                ,0,
,00
20100128075858R:I1303,0 13,0201, 0, 0, 0, 0
20100128075904R:I1303,0 13,0200, 0, 0, 0, 0
20100128075922R:A1306,0 13,1AQ ,,1833,3,
1,7826,10012800762,
3,7827,10012800749,
5,7828,10012800756,
, 0
20100128075922S:A1307,0013,00,0,1HI ,00,1833,3,
1,7826,10012800762,,,                ,0,
3,7827,10012800749,,,                ,0,
5,7828,10012800756,,,                ,0,
,00
20100128080031R:I1303,0 13,0201, 0, 0, 0, 0
20100128080037R:I1303,0 13,0200, 0, 0, 0, 0
20100128080100R:A1306,0 13,1AQ ,,1834,4,
1,7829,10012800761,
2,7830,10012800746,
4,7831,10012800747,
5,7832,10012800754,
, 0
20100128080100S:A1307,0013,00,0,1HI ,00,1834,4,
1,7829,10012800761,,,                ,0,
2,7830,10012800746,,,                ,0,
4,7831,10012800747,,,                ,0,
5,7832,10012800754,,,                ,0,
,00
20100128080802R:I1303,0 13,0201, 0, 0, 0, 0
20100128080808R:I1303,0 13,0200, 0, 0, 0, 0
20100128080831R:A1306,0 13,1AQ ,,1835,5,
1,7833,10012800770,
2,7834,10012800782,
3,7835,10012800784,
4,7836,10012800788,
5,7837,10012800790,
, 0
20100128080831S:A1307,0013,00,0,1HI ,00,1835,5,
1,7833,10012800770,,,                ,0,
2,7834,10012800782,,,                ,0,
3,7835,10012800784,,,                ,0,
4,7836,10012800788,,,                ,0,
5,7837,10012800790,,,                ,0,
,00
20100128080852R:I1303,0 13,0201, 0, 0, 0, 0
20100128080858R:I1303,0 13,0200, 0, 0, 0, 0
20100128080921R:A1306,0 13,1AQ ,,1836,4,
1,7838,10012800791,
2,7839,10012800779,
4,7840,10012800772,
5,7841,10012800777,
, 0
20100128080921S:A1307,0013,00,0,1HI ,00,1836,4,
1,7838,10012800791,,,                ,0,
2,7839,10012800779,,,                ,0,
4,7840,10012800772,,,                ,0,
5,7841,10012800777,,,                ,0,
,00
20100128081107R:I1303,0 13,0201, 0, 0, 0, 0
20100128081113R:I1303,0 13,0200, 0, 0, 0, 0
20100128081138R:A1306,0 13,1AQ ,,1837,5,
1,7842,10012800595,
2,7843,10012800529,
3,7844,10012800240,
4,7845,10012800578,
5,7846,10012800552,
, 0
20100128081138S:A1307,0013,00,0,1HI ,00,1837,5,
1,7842,10012800595,,,                ,0,
2,7843,10012800529,,,                ,0,
3,7844,10012800240,,,                ,0,
4,7845,10012800578,,,                ,0,
5,7846,10012800552,,,                ,0,
,00
20100128081201R:I1303,0 13,0201, 0, 0, 0, 0
20100128081207R:I1303,0 13,0200, 0, 0, 0, 0
20100128081231R:A1306,0 13,1AQ ,,1838,5,
1,7847,10012800556,
2,7848,10012800561,
3,7849,10012800356,
4,7850,10012800312,
5,7851,10012800320,
, 0
20100128081231S:A1307,0013,00,0,1HI ,00,1838,5,
1,7847,10012800556,,,                ,0,
2,7848,10012800561,,,                ,0,
3,7849,10012800356,,,                ,0,
4,7850,10012800312,,,                ,0,
5,7851,10012800320,,,                ,0,
,00
20100128081242R:I1303,0 13,0201, 0, 0, 0, 0
20100128081248R:I1303,0 13,0200, 0, 0, 0, 0
20100128081309R:A1306,0 13,1AQ ,,1839,4,
1,7852,10012800589,
2,7853,10012800567,
4,7854,10012800285,
5,7855,10012800599,
, 0
20100128081309S:A1307,0013,00,0,1HI ,00,1839,4,
1,7852,10012800589,,,                ,0,
2,7853,10012800567,,,                ,0,
4,7854,10012800285,,,                ,0,
5,7855,10012800599,,,                ,0,
,00
20100128081622R:I1303,0 13,0201, 0, 0, 0, 0
20100128081628R:I1303,0 13,0200, 0, 0, 0, 0
20100128081649R:A1306,0 13,1AQ ,,1840,4,
1,7856,10012800821,
2,7857,10012800836,
4,7858,10012800837,
5,7859,10012800835,
, 0
20100128081649S:A1307,0013,00,0,1HI ,00,1840,4,
1,7856,10012800821,,,                ,0,
2,7857,10012800836,,,                ,0,
4,7858,10012800837,,,                ,0,
5,7859,10012800835,,,                ,0,
,00
20100128081804R:I1303,0 13,0201, 0, 0, 0, 0
20100128081810R:I1303,0 13,0200, 0, 0, 0, 0
20100128081832R:A1306,0 13,1AQ ,,1841,4,
1,7860,10012800793,
2,7861,10012800798,
4,7862,10012800815,
5,7863,10012800811,
, 0
20100128081832S:A1307,0013,00,0,1HI ,00,1841,4,
1,7860,10012800793,,,                ,0,
2,7861,10012800798,,,                ,0,
4,7862,10012800815,,,                ,0,
5,7863,10012800811,,,                ,0,
,00
20100128081837R:I1303,0 13,0201, 0, 0, 0, 0
20100128081843R:I1303,0 13,0200, 0, 0, 0, 0
20100128081902R:A1306,0 13,1AQ ,,1842,3,
1,7864,10012800816,
3,7865,10012800812,
5,7866,10012800794,
, 0
20100128081902S:A1307,0013,00,0,1HI ,00,1842,3,
1,7864,10012800816,,,                ,0,
3,7865,10012800812,,,                ,0,
5,7866,10012800794,,,                ,0,
,00
20100128082112R:I1303,0 13,0201, 0, 0, 0, 0
20100128082118R:I1303,0 13,0200, 0, 0, 0, 0
20100128082141R:A1306,0 13,1AQ ,,1843,5,
1,7867,10012800177,
2,7868,10012800157,
3,7869,10012800495,
4,7870,10012800154,
5,7871,10012800493,
, 0
20100128082142S:A1307,0013,00,0,1HI ,00,1843,5,
1,7867,10012800177,,,                ,0,
2,7868,10012800157,,,                ,0,
3,7869,10012800495,,,                ,0,
4,7870,10012800154,,,                ,0,
5,7871,10012800493,,,                ,0,
,00
20100128082254R:I1303,0 13,0201, 0, 0, 0, 0
20100128082300R:I1303,0 13,0200, 0, 0, 0, 0
20100128082325R:A1306,0 13,1AQ ,,1844,5,
1,7872,10012800857,
2,7873,10012800850,
3,7874,10012800859,
4,7875,10012800863,
5,7876,10012800854,
, 0
20100128082326S:A1307,0013,00,0,1HI ,00,1844,5,
1,7872,10012800857,,,                ,0,
2,7873,10012800850,,,                ,0,
3,7874,10012800859,,,                ,0,
4,7875,10012800863,,,                ,0,
5,7876,10012800854,,,                ,0,
,00
20100128082326R:I1303,0 13,0201, 0, 0, 0, 0
20100128082333R:I1303,0 13,0200, 0, 0, 0, 0
20100128082358R:A1306,0 13,1AQ ,,1845,5,
1,7877,10012800159,
2,7878,10012800518,
3,7879,10012800521,
4,7880,10012800145,
5,7881,10012800147,
, 0
20100128082358S:A1307,0013,00,0,1HI ,00,1845,5,
1,7877,10012800159,,,                ,0,
2,7878,10012800518,,,                ,0,
3,7879,10012800521,,,                ,0,
4,7880,10012800145,,,                ,0,
5,7881,10012800147,,,                ,0,
,00
20100128082809R:I1303,0 13,0201, 0, 0, 0, 0
20100128082815R:I1303,0 13,0200, 0, 0, 0, 0
20100128082840R:A1306,0 13,1AQ ,,1846,5,
1,7882,10012800231,
2,7883,10012800455,
3,7884,10012800421,
4,7885,10012800207,
5,7886,10012800392,
, 0
20100128082840S:A1307,0013,00,0,1HI ,00,1846,5,
1,7882,10012800231,,,                ,0,
2,7883,10012800455,,,                ,0,
3,7884,10012800421,,,                ,0,
4,7885,10012800207,,,                ,0,
5,7886,10012800392,,,                ,0,
,00
20100128082902R:I1303,0 13,0201, 0, 0, 0, 0
20100128082908R:I1303,0 13,0200, 0, 0, 0, 0
20100128082932R:A1306,0 13,1AQ ,,1847,5,
1,7887,10012800354,
2,7888,10012800339,
3,7889,10012800598,
4,7890,10012800449,
5,7891,10012800199,
, 0
20100128082933S:A1307,0013,00,0,1HI ,00,1847,5,
1,7887,10012800354,,,                ,0,
2,7888,10012800339,,,                ,0,
3,7889,10012800598,,,                ,0,
4,7890,10012800449,,,                ,0,
5,7891,10012800199,,,                ,0,
,00
20100128082948R:I1303,0 13,0201, 0, 0, 0, 0
20100128082954R:I1303,0 13,0200, 0, 0, 0, 0
20100128083019R:A1306,0 13,1AQ ,,1848,5,
1,7892,10012800442,
2,7893,10012800328,
3,7894,10012800340,
4,7895,10012800345,
5,7896,10012800316,
, 0
20100128083019S:A1307,0013,00,0,1HI ,00,1848,5,
1,7892,10012800442,,,                ,0,
2,7893,10012800328,,,                ,0,
3,7894,10012800340,,,                ,0,
4,7895,10012800345,,,                ,0,
5,7896,10012800316,,,                ,0,
,00
20100128083055R:I1303,0 13,0201, 0, 0, 0, 0
20100128083101R:I1303,0 13,0200, 0, 0, 0, 0
20100128083125R:A1306,0 13,1AQ ,,1849,5,
1,7897,10012800074,
2,7898,10012800076,
3,7899,10012800164,
4,7900,10012800505,
5,7901,10012800511,
, 0
20100128083125S:A1307,0013,00,0,1HI ,00,1849,5,
1,7897,10012800074,,,                ,0,
2,7898,10012800076,,,                ,0,
3,7899,10012800164,,,                ,0,
4,7900,10012800505,,,                ,0,
5,7901,10012800511,,,                ,0,
,00
20100128083141R:I1303,0 13,0201, 0, 0, 0, 0
20100128083147R:I1303,0 13,0200, 0, 0, 0, 0
20100128083212R:A1306,0 13,1AQ ,,1850,5,
1,7902,10012800114,
2,7903,10012800503,
3,7904,10012800110,
4,7905,10012800112,
5,7906,10012800169,
, 0
20100128083212S:A1307,0013,00,0,1HI ,00,1850,5,
1,7902,10012800114,,,                ,0,
2,7903,10012800503,,,                ,0,
3,7904,10012800110,,,                ,0,
4,7905,10012800112,,,                ,0,
5,7906,10012800169,,,                ,0,
,00
20100128083234R:I1303,0 13,0201, 0, 0, 0, 0
20100128083240R:I1303,0 13,0200, 0, 0, 0, 0
20100128083305R:A1306,0 13,1AQ ,,1851,5,
1,7907,10012800275,
2,7908,10012800419,
3,7909,10012800541,
4,7910,10012800119,
5,7911,10012800330,
, 0
20100128083305S:A1307,0013,00,0,1HI ,00,1851,5,
1,7907,10012800275,,,                ,0,
2,7908,10012800419,,,                ,0,
3,7909,10012800541,,,                ,0,
4,7910,10012800119,,,                ,0,
5,7911,10012800330,,,                ,0,
,00
20100128083320R:I1303,0 13,0201, 0, 0, 0, 0
20100128083326R:I1303,0 13,0200, 0, 0, 0, 0
20100128083350R:A1306,0 13,1AQ ,,1852,5,
1,7912,10012800247,
2,7913,10012800303,
3,7914,10012800217,
4,7915,10012800331,
5,7916,10012800310,
, 0
20100128083351S:A1307,0013,00,0,1HI ,00,1852,5,
1,7912,10012800247,,,                ,0,
2,7913,10012800303,,,                ,0,
3,7914,10012800217,,,                ,0,
4,7915,10012800331,,,                ,0,
5,7916,10012800310,,,                ,0,
,00
20100128083406R:I1303,0 13,0201, 0, 0, 0, 0
20100128083412R:I1303,0 13,0200, 0, 0, 0, 0
20100128083438R:A1306,0 13,1AQ ,,1853,5,
1,7917,10012800918,
2,7918,10012800883,
3,7919,10012800906,
4,7920,10012800902,
5,7921,10012800867,
, 0
20100128083438S:A1307,0013,00,0,1HI ,00,1853,5,
1,7917,10012800918,,,                ,0,
2,7918,10012800883,,,                ,0,
3,7919,10012800906,,,                ,0,
4,7920,10012800902,,,                ,0,
5,7921,10012800867,,,                ,0,
,00
20100128083459R:I1303,0 13,0201, 0, 0, 0, 0
20100128083505R:I1303,0 13,0200, 0, 0, 0, 0
20100128083529R:A1306,0 13,1AQ ,,1854,5,
1,7922,10012800085,
2,7923,10012800082,
3,7924,10012800336,
4,7925,10012800318,
5,7926,10012800201,
, 0
20100128083529S:A1307,0013,00,0,1HI ,00,1854,5,
1,7922,10012800085,,,                ,0,
2,7923,10012800082,,,                ,0,
3,7924,10012800336,,,                ,0,
4,7925,10012800318,,,                ,0,
5,7926,10012800201,,,                ,0,
,00
20100128083545R:I1303,0 13,0201, 0, 0, 0, 0
20100128083551R:I1303,0 13,0200, 0, 0, 0, 0
20100128083615R:A1306,0 13,1AQ ,,1855,5,
1,7927,10012800347,
2,7928,10012800132,
3,7929,10012800094,
4,7930,10012800091,
5,7931,10012800125,
, 0
20100128083615S:A1307,0013,00,0,1HI ,00,1855,5,
1,7927,10012800347,,,                ,0,
2,7928,10012800132,,,                ,0,
3,7929,10012800094,,,                ,0,
4,7930,10012800091,,,                ,0,
5,7931,10012800125,,,                ,0,
,00
20100128083618R:I1303,0 13,0201, 0, 0, 0, 0
20100128083624R:I1303,0 13,0200, 0, 0, 0, 0
20100128083646R:A1306,0 13,1AQ ,,1856,4,
1,7932,10012800911,
2,7933,10012800887,
4,7934,10012800914,
5,7935,10012800841,
, 0
20100128083646S:A1307,0013,00,0,1HI ,00,1856,4,
1,7932,10012800911,,,                ,0,
2,7933,10012800887,,,                ,0,
4,7934,10012800914,,,                ,0,
5,7935,10012800841,,,                ,0,
,00
20100128083653R:I1303,0 13,0201, 0, 0, 0, 0
20100128083659R:I1303,0 13,0200, 0, 0, 0, 0
20100128083721R:A1306,0 13,1AQ ,,1857,4,
1,7936,10012800912,
2,7937,10012800915,
4,7938,10012800919,
5,7939,10012800842,
, 0
20100128083721S:A1307,0013,00,0,1HI ,00,1857,4,
1,7936,10012800912,,,                ,0,
2,7937,10012800915,,,                ,0,
4,7938,10012800919,,,                ,0,
5,7939,10012800842,,,                ,0,
,00
20100128083821R:I1303,0 13,0201, 0, 0, 0, 0
20100128083828R:I1303,0 13,0200, 0, 0, 0, 0
20100128083852R:A1306,0 13,1AQ ,,1858,5,
1,7940,10012800123,
2,7941,10012800098,
3,7942,10012800238,
4,7943,10012800326,
5,7944,10012800268,
, 0
20100128083852S:A1307,0013,00,0,1HI ,00,1858,5,
1,7940,10012800123,,,                ,0,
2,7941,10012800098,,,                ,0,
3,7942,10012800238,,,                ,0,
4,7943,10012800326,,,                ,0,
5,7944,10012800268,,,                ,0,
,00
20100128083907R:I1303,0 13,0201, 0, 0, 0, 0
20100128083913R:I1303,0 13,0200, 0, 0, 0, 0
20100128083938R:A1306,0 13,1AQ ,,1859,5,
1,7945,10012800096,
2,7946,10012800089,
3,7947,10012800108,
4,7948,10012800212,
5,7949,10012800365,
, 0
20100128083938S:A1307,0013,00,0,1HI ,00,1859,5,
1,7945,10012800096,,,                ,0,
2,7946,10012800089,,,                ,0,
3,7947,10012800108,,,                ,0,
4,7948,10012800212,,,                ,0,
5,7949,10012800365,,,                ,0,
,00
20100128084006R:I1303,0 13,0201, 0, 0, 0, 0
20100128084012R:I1303,0 13,0200, 0, 0, 0, 0
20100128084035R:A1306,0 13,1AQ ,,1860,5,
1,7950,10012800960,
2,7951,10012800920,
3,7952,10012800923,
4,7953,10012800955,
5,7954,10012800921,
, 0
20100128084035S:A1307,0013,00,0,1HI ,00,1860,5,
1,7950,10012800960,,,                ,0,
2,7951,10012800920,,,                ,0,
3,7952,10012800923,,,                ,0,
4,7953,10012800955,,,                ,0,
5,7954,10012800921,,,                ,0,
,00
20100128084049R:I1303,0 13,0201, 0, 0, 0, 0
20100128084055R:I1303,0 13,0200, 0, 0, 0, 0
20100128084121R:A1306,0 13,1AQ ,,1861,5,
1,7955,10012800548,
2,7956,10012800080,
3,7957,10012800560,
4,7958,10012800334,
5,7959,10012800307,
, 0
20100128084121S:A1307,0013,00,0,1HI ,00,1861,5,
1,7955,10012800548,,,                ,0,
2,7956,10012800080,,,                ,0,
3,7957,10012800560,,,                ,0,
4,7958,10012800334,,,                ,0,
5,7959,10012800307,,,                ,0,
,00
20100128084134R:I1303,0 13,0201, 0, 0, 0, 0
20100128084140R:I1303,0 13,0200, 0, 0, 0, 0
20100128084205R:A1306,0 13,1AQ ,,1862,5,
1,7960,10012800250,
2,7961,10012800445,
3,7962,10012800551,
4,7963,10012800210,
5,7964,10012800603,
, 0
20100128084205S:A1307,0013,00,0,1HI ,00,1862,5,
1,7960,10012800250,,,                ,0,
2,7961,10012800445,,,                ,0,
3,7962,10012800551,,,                ,0,
4,7963,10012800210,,,                ,0,
5,7964,10012800603,,,                ,0,
,00
20100128084221R:I1303,0 13,0201, 0, 0, 0, 0
20100128084227R:I1303,0 13,0200, 0, 0, 0, 0
20100128084252R:A1306,0 13,1AQ ,,1863,5,
1,7965,10012800171,
2,7966,10012800406,
3,7967,10012800425,
4,7968,10012800398,
5,7969,10012800371,
, 0
20100128084252S:A1307,0013,00,0,1HI ,00,1863,5,
1,7965,10012800171,,,                ,0,
2,7966,10012800406,,,                ,0,
3,7967,10012800425,,,                ,0,
4,7968,10012800398,,,                ,0,
5,7969,10012800371,,,                ,0,
,00
20100128084317R:I1303,0 13,0201, 0, 0, 0, 0
20100128084323R:I1303,0 13,0200, 0, 0, 0, 0
20100128084349R:A1306,0 13,1AQ ,,1864,5,
1,7970,10012800343,
2,7971,10012800577,
3,7972,10012800362,
4,7973,10012800226,
5,7974,10012800072,
, 0
20100128084349S:A1307,0013,00,0,1HI ,00,1864,5,
1,7970,10012800343,,,                ,0,
2,7971,10012800577,,,                ,0,
3,7972,10012800362,,,                ,0,
4,7973,10012800226,,,                ,0,
5,7974,10012800072,,,                ,0,
,00
20100128084404R:I1303,0 13,0201, 0, 0, 0, 0
20100128084410R:I1303,0 13,0200, 0, 0, 0, 0
20100128084435R:A1306,0 13,1AQ ,,1865,5,
1,7975,10012800498,
2,7976,10012800181,
3,7977,10012800478,
4,7978,10012800536,
5,7979,10012800087,
, 0
20100128084435S:A1307,0013,00,0,1HI ,00,1865,5,
1,7975,10012800498,,,                ,0,
2,7976,10012800181,,,                ,0,
3,7977,10012800478,,,                ,0,
4,7978,10012800536,,,                ,0,
5,7979,10012800087,,,                ,0,
,00
20100128084705R:I1303,0 13,0201, 0, 0, 0, 0
20100128084711R:I1303,0 13,0200, 0, 0, 0, 0
20100128084736R:A1306,0 13,1AQ ,,1866,5,
1,7980,10012800390,
2,7981,10012800367,
3,7982,10012800292,
4,7983,10012800295,
5,7984,10012800395,
, 0
20100128084736S:A1307,0013,00,0,1HI ,00,1866,5,
1,7980,10012800390,,,                ,0,
2,7981,10012800367,,,                ,0,
3,7982,10012800292,,,                ,0,
4,7983,10012800295,,,                ,0,
5,7984,10012800395,,,                ,0,
,00
20100128084918R:I1303,0 13,0201, 0, 0, 0, 0
20100128084924R:I1303,0 13,0200, 0, 0, 0, 0
20100128084946R:A1306,0 13,1AQ ,,1867,4,
1,7985,10012801048,
2,7986,10012801055,
4,7987,10012801059,
5,7988,10012801058,
, 0
20100128084946S:A1307,0013,00,0,1HI ,00,1867,4,
1,7985,10012801048,,,                ,0,
2,7986,10012801055,,,                ,0,
4,7987,10012801059,,,                ,0,
5,7988,10012801058,,,                ,0,
,00
20100128084953R:I1303,0 13,0201, 0, 0, 0, 0
20100128084959R:I1303,0 13,0200, 0, 0, 0, 0
20100128085024R:A1306,0 13,1AQ ,,1868,5,
1,7989,10012703328,
2,7990,10012703323,
3,7991,10012703088,
4,7992,10012703038,
5,7993,10012800428,
, 0
20100128085025S:A1307,0013,00,0,1HI ,00,1868,5,
1,7989,10012703328,,,                ,0,
2,7990,10012703323,,,                ,0,
3,7991,10012703088,,,                ,0,
4,7992,10012703038,,,                ,0,
5,7993,10012800428,,,                ,0,
,00
20100128085027R:I1303,0 13,0201, 0, 0, 0, 0
20100128085033R:I1303,0 13,0200, 0, 0, 0, 0
20100128085051R:A1306,0 13,1AQ ,,1869,3,
1,7994,10012801008,
3,7995,10012800989,
5,7996,10012800986,
, 0
20100128085051S:A1307,0013,00,0,1HI ,00,1869,3,
1,7994,10012801008,,,                ,0,
3,7995,10012800989,,,                ,0,
5,7996,10012800986,,,                ,0,
,00
20100128085101R:I1303,0 13,0201, 0, 0, 0, 0
20100128085107R:I1303,0 13,0200, 0, 0, 0, 0
20100128085127R:I1303,0 13,0201, 0, 0, 0, 0
20100128085129R:A1306,0 13,1AQ ,,1870,4,
1,7997,10012800190,
2,7998,10012801004,
4,7999,10012801010,
5,8000,10012801024,
, 0
20100128085129S:A1307,0013,00,0,1HI ,00,1870,4,
1,7997,10012800190,,,                ,0,
2,7998,10012801004,,,                ,0,
4,7999,10012801010,,,                ,0,
5,8000,10012801024,,,                ,0,
,00
20100128085137R:I1303,0 13,0200, 0, 0, 0, 0
20100128085151R:A1306,0 13,1AQ ,,1871,2,
1,8001,10012801005,
5,8002,10012801011,
, 0
20100128085152S:A1307,0013,00,0,1HI ,00,1871,2,
1,8001,10012801005,,,                ,0,
5,8002,10012801011,,,                ,0,
,00
20100128085238R:I1303,0 13,0201, 0, 0, 0, 0
20100128085244R:I1303,0 13,0200, 0, 0, 0, 0
20100128085309R:A1306,0 13,1AQ ,,1872,5,
1,8003,10012800584,
2,8004,10012800167,
3,8005,10012800121,
4,8006,10012800491,
5,8007,10012800323,
, 0
20100128085309S:A1307,0013,00,0,1HI ,00,1872,5,
1,8003,10012800584,,,                ,0,
2,8004,10012800167,,,                ,0,
3,8005,10012800121,,,                ,0,
4,8006,10012800491,,,                ,0,
5,8007,10012800323,,,                ,0,
,00
20100128085324R:I1303,0 13,0201, 0, 0, 0, 0
20100128085330R:I1303,0 13,0200, 0, 0, 0, 0
20100128085355R:A1306,0 13,1AQ ,,1873,5,
1,8008,10012703045,
2,8009,10012703314,
3,8010,10012703066,
4,8011,10012703191,
5,8012,10012703118,
, 0
20100128085355S:A1307,0013,00,0,1HI ,00,1873,5,
1,8008,10012703045,,,                ,0,
2,8009,10012703314,,,                ,0,
3,8010,10012703066,,,                ,0,
4,8011,10012703191,,,                ,0,
5,8012,10012703118,,,                ,0,
,00
20100128085413R:I1303,0 13,0201, 0, 0, 0, 0
20100128085419R:I1303,0 13,0200, 0, 0, 0, 0
20100128085443R:A1306,0 13,1AQ ,,1874,5,
1,8013,10012800143,
2,8014,10012800149,
3,8015,10012800235,
4,8016,10012800277,
5,8017,10012800508,
, 0
20100128085443S:A1307,0013,00,0,1HI ,00,1874,5,
1,8013,10012800143,,,                ,0,
2,8014,10012800149,,,                ,0,
3,8015,10012800235,,,                ,0,
4,8016,10012800277,,,                ,0,
5,8017,10012800508,,,                ,0,
,00
20100128085455R:I1303,0 13,0201, 0, 0, 0, 0
20100128085501R:I1303,0 13,0200, 0, 0, 0, 0
20100128085519R:A1306,0 13,1AQ ,,1875,3,
1,8018,10012801047,
3,8019,10012801057,
5,8020,10012801045,
, 0
20100128085519S:A1307,0013,00,0,1HI ,00,1875,3,
1,8018,10012801047,,,                ,0,
3,8019,10012801057,,,                ,0,
5,8020,10012801045,,,                ,0,
,00
20100128090208R:I1303,0 13,0201, 0, 0, 0, 0
20100128090214R:I1303,0 13,0200, 0, 0, 0, 0
20100128090239R:A1306,0 13,1AQ ,,1876,5,
1,8021,10012800173,
2,8022,10012800429,
3,8023,10012800078,
4,8024,10012800102,
5,8025,10012800431,
, 0
20100128090239S:A1307,0013,00,0,1HI ,00,1876,5,
1,8021,10012800173,,,                ,0,
2,8022,10012800429,,,                ,0,
3,8023,10012800078,,,                ,0,
4,8024,10012800102,,,                ,0,
5,8025,10012800431,,,                ,0,
,00
20100128090248R:I1303,0 13,0201, 0, 0, 0, 0
20100128090254R:I1303,0 13,0200, 0, 0, 0, 0
20100128090319R:A1306,0 13,1AQ ,,1877,5,
1,8026,10012800480,
2,8027,10012800249,
3,8028,10012800127,
4,8029,10012800131,
5,8030,10012800485,
, 0
20100128090319S:A1307,0013,00,0,1HI ,00,1877,5,
1,8026,10012800480,,,                ,0,
2,8027,10012800249,,,                ,0,
3,8028,10012800127,,,                ,0,
4,8029,10012800131,,,                ,0,
5,8030,10012800485,,,                ,0,
,00
20100128090327R:I1303,0 13,0201, 0, 0, 0, 0
20100128090333R:I1303,0 13,0200, 0, 0, 0, 0
20100128090345R:A1306,0 13,1AQ ,,1878,1,
3,8031,10012702750,
, 0
20100128090345S:A1307,0013,00,0,1HI ,00,1878,1,
3,8031,10012702750,,,                ,0,
,00
20100128090417R:I1303,0 13,0201, 0, 0, 0, 0
20100128090423R:I1303,0 13,0200, 0, 0, 0, 0
20100128090449R:A1306,0 13,1AQ ,,1879,5,
1,8032,10012801066,
2,8033,10012801086,
3,8034,10012801087,
4,8035,10012801067,
5,8036,10012801083,
, 0
20100128090449S:A1307,0013,00,0,1HI ,00,1879,5,
1,8032,10012801066,,,                ,0,
2,8033,10012801086,,,                ,0,
3,8034,10012801087,,,                ,0,
4,8035,10012801067,,,                ,0,
5,8036,10012801083,,,                ,0,
,00
20100128090453R:I1303,0 13,0201, 0, 0, 0, 0
20100128090459R:I1303,0 13,0200, 0, 0, 0, 0
20100128090525R:A1306,0 13,1AQ ,,1880,5,
1,8037,10012801090,
2,8038,10012801111,
3,8039,10012801107,
4,8040,10012801110,
5,8041,10012801094,
, 0
20100128090525S:A1307,0013,00,0,1HI ,00,1880,5,
1,8037,10012801090,,,                ,0,
2,8038,10012801111,,,                ,0,
3,8039,10012801107,,,                ,0,
4,8040,10012801110,,,                ,0,
5,8041,10012801094,,,                ,0,
,00
20100128090555R:I1303,0 13,0201, 0, 0, 0, 0
20100128090601R:I1303,0 13,0200, 0, 0, 0, 0
20100128090619R:I1303,0 13,0201, 0, 0, 0, 0
20100128090626R:A1306,0 13,1AQ ,,1881,5,
1,8042,10012801130,
2,8043,10012801133,
3,8044,10012801126,
4,8045,10012801137,
5,8046,10012801138,
, 0
20100128090626S:A1307,0013,00,0,1HI ,00,1881,5,
1,8042,10012801130,,,                ,0,
2,8043,10012801133,,,                ,0,
3,8044,10012801126,,,                ,0,
4,8045,10012801137,,,                ,0,
5,8046,10012801138,,,                ,0,
,00
20100128090633R:I1303,0 13,0200, 0, 0, 0, 0
20100128090649R:A1306,0 13,1AQ ,,1882,2,
1,8047,10012801091,
5,8048,10012801108,
, 0
20100128090649S:A1307,0013,00,0,1HI ,00,1882,2,
1,8047,10012801091,,,                ,0,
5,8048,10012801108,,,                ,0,
,00
20100128090856R:I1303,0 13,0201, 0, 0, 0, 0
20100128090902R:I1303,0 13,0200, 0, 0, 0, 0
20100128090927R:A1306,0 13,1AQ ,,1883,5,
1,8049,10012702694,
2,8050,10012702716,
3,8051,10012702748,
4,8052,10012702767,
5,8053,10012702755,
, 0
20100128090927S:A1307,0013,00,0,1HI ,00,1883,5,
1,8049,10012702694,,,                ,0,
2,8050,10012702716,,,                ,0,
3,8051,10012702748,,,                ,0,
4,8052,10012702767,,,                ,0,
5,8053,10012702755,,,                ,0,
,00
20100128091001R:I1303,0 13,0201, 0, 0, 0, 0
20100128091007R:I1303,0 13,0200, 0, 0, 0, 0
20100128091038R:I1303,0 13,0201, 0, 0, 0, 0
20100128091202R:I1303,0 13,0200, 0, 0, 0, 0
20100128091202R:I1303,0 13,0201, 0, 0, 0, 0
20100128091227R:A1306,0 13,1AQ ,,1884,5,
1,8054,10012800104,
2,8055,10012800383,
3,8056,10012800381,
4,8057,10012800349,
5,8058,10012800592,
, 0
20100128091227S:A1307,0013,00,0,1HI ,00,1884,5,
1,8054,10012800104,,,                ,0,
2,8055,10012800383,,,                ,0,
3,8056,10012800381,,,                ,0,
4,8057,10012800349,,,                ,0,
5,8058,10012800592,,,                ,0,
,00
20100128091235R:I1303,0 13,0200, 0, 0, 0, 0
20100128091235R:I1303,0 13,0201, 0, 0, 0, 0
20100128091259R:A1306,0 13,1AQ ,,1885,5,
1,8059,10012800608,
2,8060,10012800566,
3,8061,10012800588,
4,8062,10012800194,
5,8063,10012800179,
, 0
20100128091259S:A1307,0013,00,0,1HI ,00,1885,5,
1,8059,10012800608,,,                ,0,
2,8060,10012800566,,,                ,0,
3,8061,10012800588,,,                ,0,
4,8062,10012800194,,,                ,0,
5,8063,10012800179,,,                ,0,
,00
20100128091307R:I1303,0 13,0200, 0, 0, 0, 0
20100128091331R:A1306,0 13,1AQ ,,1886,5,
1,8064,10012800411,
2,8065,10012800262,
3,8066,10012800141,
4,8067,10012800245,
5,8068,10012800151,
, 0
20100128091331S:A1307,0013,00,0,1HI ,00,1886,5,
1,8064,10012800411,,,                ,0,
2,8065,10012800262,,,                ,0,
3,8066,10012800141,,,                ,0,
4,8067,10012800245,,,                ,0,
5,8068,10012800151,,,                ,0,
,00
20100128091343R:I1303,0 13,0201, 0, 0, 0, 0
20100128091349R:I1303,0 13,0200, 0, 0, 0, 0
20100128091413R:A1306,0 13,1AQ ,,1887,5,
1,8069,10012800707,
2,8070,10012800722,
3,8071,10012800763,
4,8072,10012800750,
5,8073,10012800757,
, 0
20100128091413S:A1307,0013,00,0,1HI ,00,1887,5,
1,8069,10012800707,,,                ,0,
2,8070,10012800722,,,                ,0,
3,8071,10012800763,,,                ,0,
4,8072,10012800750,,,                ,0,
5,8073,10012800757,,,                ,0,
,00
20100128091429R:I1303,0 13,0201, 0, 0, 0, 0
20100128091436R:I1303,0 13,0200, 0, 0, 0, 0
20100128091500R:A1306,0 13,1AQ ,,1888,5,
1,8074,10012800773,
2,8075,10012800780,
3,8076,10012800286,
4,8077,10012800604,
5,8078,10012800579,
, 0
20100128091500S:A1307,0013,00,0,1HI ,00,1888,5,
1,8074,10012800773,,,                ,0,
2,8075,10012800780,,,                ,0,
3,8076,10012800286,,,                ,0,
4,8077,10012800604,,,                ,0,
5,8078,10012800579,,,                ,0,
,00
20100128091536R:I1303,0 13,0201, 0, 0, 0, 0
20100128091542R:I1303,0 13,0200, 0, 0, 0, 0
20100128091608R:A1306,0 13,1AQ ,,1889,5,
1,8079,10012800818,
2,8080,10012800137,
3,8081,10012800472,
4,8082,10012800853,
5,8083,10012800991,
, 0
20100128091608S:A1307,0013,00,0,1HI ,00,1889,5,
1,8079,10012800818,,,                ,0,
2,8080,10012800137,,,                ,0,
3,8081,10012800472,,,                ,0,
4,8082,10012800853,,,                ,0,
5,8083,10012800991,,,                ,0,
,00
20100128091651R:I1303,0 13,0201, 0, 0, 0, 0
20100128091657R:I1303,0 13,0200, 0, 0, 0, 0
20100128091721R:A1306,0 13,1AQ ,,1890,5,
1,8084,10012703226,
2,8085,10012703229,
3,8086,10012800241,
4,8087,10012800568,
5,8088,10012800530,
, 0
20100128091721S:A1307,0013,00,0,1HI ,00,1890,5,
1,8084,10012703226,,,                ,0,
2,8085,10012703229,,,                ,0,
3,8086,10012800241,,,                ,0,
4,8087,10012800568,,,                ,0,
5,8088,10012800530,,,                ,0,
,00
20100128091740R:I1303,0 13,0201, 0, 0, 0, 0
20100128091746R:I1303,0 13,0200, 0, 0, 0, 0
20100128091811R:A1306,0 13,1AQ ,,1891,5,
1,8089,10012800355,
2,8090,10012800437,
3,8091,10012800388,
4,8092,10012800401,
5,8093,10012800204,
, 0
20100128091811S:A1307,0013,00,0,1HI ,00,1891,5,
1,8089,10012800355,,,                ,0,
2,8090,10012800437,,,                ,0,
3,8091,10012800388,,,                ,0,
4,8092,10012800401,,,                ,0,
5,8093,10012800204,,,                ,0,
,00
20100128091826R:I1303,0 13,0201, 0, 0, 0, 0
20100128091832R:I1303,0 13,0200, 0, 0, 0, 0
20100128091857R:A1306,0 13,1AQ ,,1892,5,
1,8094,10012800516,
2,8095,10012800281,
3,8096,10012800427,
4,8097,10012800594,
5,8098,10012800270,
, 0
20100128091857S:A1307,0013,00,0,1HI ,00,1892,5,
1,8094,10012800516,,,                ,0,
2,8095,10012800281,,,                ,0,
3,8096,10012800427,,,                ,0,
4,8097,10012800594,,,                ,0,
5,8098,10012800270,,,                ,0,
,00
20100128091912R:I1303,0 13,0201, 0, 0, 0, 0
20100128091918R:I1303,0 13,0200, 0, 0, 0, 0
20100128091942R:A1306,0 13,1AQ ,,1893,5,
1,8099,10012800100,
2,8100,10012800257,
3,8101,10012800611,
4,8102,10012800514,
5,8103,10012800229,
, 0
20100128091942S:A1307,0013,00,0,1HI ,00,1893,5,
1,8099,10012800100,,,                ,0,
2,8100,10012800257,,,                ,0,
3,8101,10012800611,,,                ,0,
4,8102,10012800514,,,                ,0,
5,8103,10012800229,,,                ,0,
,00
20100128091959R:I1303,0 13,0201, 0, 0, 0, 0
20100128092005R:I1303,0 13,0200, 0, 0, 0, 0
20100128092029R:A1306,0 13,1AQ ,,1894,5,
1,8104,10012800117,
2,8105,10012800255,
3,8106,10012800129,
4,8107,10012800523,
5,8108,10012800417,
, 0
20100128092029S:A1307,0013,00,0,1HI ,00,1894,5,
1,8104,10012800117,,,                ,0,
2,8105,10012800255,,,                ,0,
3,8106,10012800129,,,                ,0,
4,8107,10012800523,,,                ,0,
5,8108,10012800417,,,                ,0,
,00
20100128092056R:I1303,0 13,0201, 0, 0, 0, 0
20100128092102R:I1303,0 13,0200, 0, 0, 0, 0
20100128092127R:A1306,0 13,1AQ ,,1895,5,
1,8109,10012800264,
2,8110,10012800413,
3,8111,10012800528,
4,8112,10012800136,
5,8113,10012800540,
, 0
20100128092127S:A1307,0013,00,0,1HI ,00,1895,5,
1,8109,10012800264,,,                ,0,
2,8110,10012800413,,,                ,0,
3,8111,10012800528,,,                ,0,
4,8112,10012800136,,,                ,0,
5,8113,10012800540,,,                ,0,
,00
20100128092143R:I1303,0 13,0201, 0, 0, 0, 0
20100128092149R:I1303,0 13,0200, 0, 0, 0, 0
20100128092214R:A1306,0 13,1AQ ,,1896,5,
1,8114,10012800452,
2,8115,10012800223,
3,8116,10012800214,
4,8117,10012800175,
5,8118,10012800299,
, 0
20100128092214S:A1307,0013,00,0,1HI ,00,1896,5,
1,8114,10012800452,,,                ,0,
2,8115,10012800223,,,                ,0,
3,8116,10012800214,,,                ,0,
4,8117,10012800175,,,                ,0,
5,8118,10012800299,,,                ,0,
,00
20100128092233R:I1303,0 13,0201, 0, 0, 0, 0
20100128092239R:I1303,0 13,0200, 0, 0, 0, 0
20100128092303R:A1306,0 13,1AQ ,,1897,5,
1,8119,10012800482,
2,8120,10012800188,
3,8121,10012800555,
4,8122,10012800106,
5,8123,10012800252,
, 0
20100128092303S:A1307,0013,00,0,1HI ,00,1897,5,
1,8119,10012800482,,,                ,0,
2,8120,10012800188,,,                ,0,
3,8121,10012800555,,,                ,0,
4,8122,10012800106,,,                ,0,
5,8123,10012800252,,,                ,0,
,00
20100128092319R:I1303,0 13,0201, 0, 0, 0, 0
20100128092325R:I1303,0 13,0200, 0, 0, 0, 0
20100128092350R:A1306,0 13,1AQ ,,1898,5,
1,8124,10012800574,
2,8125,10012800415,
3,8126,10012800547,
4,8127,10012800272,
5,8128,10012800196,
, 0
20100128092350S:A1307,0013,00,0,1HI ,00,1898,5,
1,8124,10012800574,,,                ,0,
2,8125,10012800415,,,                ,0,
3,8126,10012800547,,,                ,0,
4,8127,10012800272,,,                ,0,
5,8128,10012800196,,,                ,0,
,00
20100128092352R:I1303,0 13,0201, 0, 0, 0, 0
20100128092358R:I1303,0 13,0200, 0, 0, 0, 0
20100128092421R:A1306,0 13,1AQ ,,1899,4,
1,8129,10012801179,
2,8130,10012801152,
4,8131,10012801176,
5,8132,10012801159,
, 0
20100128092421S:A1307,0013,00,0,1HI ,00,1899,4,
1,8129,10012801179,,,                ,0,
2,8130,10012801152,,,                ,0,
4,8131,10012801176,,,                ,0,
5,8132,10012801159,,,                ,0,
,00
20100128092426R:I1303,0 13,0201, 0, 0, 0, 0
20100128092432R:I1303,0 13,0200, 0, 0, 0, 0
20100128092450R:A1306,0 13,1AQ ,,1900,3,
1,8133,10012801156,
3,8134,10012801177,
5,8135,10012801153,
, 0
20100128092450S:A1307,0013,00,0,1HI ,00,1900,3,
1,8133,10012801156,,,                ,0,
3,8134,10012801177,,,                ,0,
5,8135,10012801153,,,                ,0,
,00
20100128092506R:I1303,0 13,0201, 0, 0, 0, 0
20100128092512R:I1303,0 13,0200, 0, 0, 0, 0
20100128092533R:A1306,0 13,1AQ ,,1901,4,
1,8136,10012800414,
2,8137,10012800284,
4,8138,10012800351,
5,8139,10012800369,
, 0
20100128092533S:A1307,0013,00,0,1HI ,00,1901,4,
1,8136,10012800414,,,                ,0,
2,8137,10012800284,,,                ,0,
4,8138,10012800351,,,                ,0,
5,8139,10012800369,,,                ,0,
,00
20100128092539R:I1303,0 13,0201, 0, 0, 0, 0
20100128092545R:I1303,0 13,0200, 0, 0, 0, 0
20100128092603R:I1303,0 13,0201, 0, 0, 0, 0
20100128092606R:A1306,0 13,1AQ ,,1902,4,
1,8140,10012801193,
2,8141,10012801199,
4,8142,10012801161,
5,8143,10012801196,
, 0
20100128092607S:A1307,0013,00,0,1HI ,00,1902,4,
1,8140,10012801193,,,                ,0,
2,8141,10012801199,,,                ,0,
4,8142,10012801161,,,                ,0,
5,8143,10012801196,,,                ,0,
,00
20100128092614R:I1303,0 13,0200, 0, 0, 0, 0
20100128092629R:A1306,0 13,1AQ ,,1903,2,
1,8144,10012801197,
5,8145,10012801194,
, 0
20100128092629S:A1307,0013,00,0,1HI ,00,1903,2,
1,8144,10012801197,,,                ,0,
5,8145,10012801194,,,                ,0,
,00
20100128092647R:I1303,0 13,0201, 0, 0, 0, 0
20100128092653R:I1303,0 13,0200, 0, 0, 0, 0
20100128092716R:A1306,0 13,1AQ ,,1904,5,
1,8146,10012801222,
2,8147,10012801226,
3,8148,10012801213,
4,8149,10012801216,
5,8150,10012801210,
, 0
20100128092717S:A1307,0013,00,0,1HI ,00,1904,5,
1,8146,10012801222,,,                ,0,
2,8147,10012801226,,,                ,0,
3,8148,10012801213,,,                ,0,
4,8149,10012801216,,,                ,0,
5,8150,10012801210,,,                ,0,
,00
20100128092737R:I1303,0 13,0201, 0, 0, 0, 0
20100128092743R:I1303,0 13,0200, 0, 0, 0, 0
20100128092801R:A1306,0 13,1AQ ,,1905,3,
1,8151,10012801215,
3,8152,10012801227,
5,8153,10012801223,
, 0
20100128092801S:A1307,0013,00,0,1HI ,00,1905,3,
1,8151,10012801215,,,                ,0,
3,8152,10012801227,,,                ,0,
5,8153,10012801223,,,                ,0,
,00
20100128092947R:I1303,0 13,0201, 0, 0, 0, 0
20100128092953R:I1303,0 13,0200, 0, 0, 0, 0
20100128093017R:A1306,0 13,1AQ ,,1906,5,
1,8154,10012801292,
2,8155,10012801308,
3,8156,10012801300,
4,8157,10012801297,
5,8158,10012801302,
, 0
20100128093017S:A1307,0013,00,0,1HI ,00,1906,5,
1,8154,10012801292,,,                ,0,
2,8155,10012801308,,,                ,0,
3,8156,10012801300,,,                ,0,
4,8157,10012801297,,,                ,0,
5,8158,10012801302,,,                ,0,
,00
20100128093032R:I1303,0 13,0201, 0, 0, 0, 0
20100128093038R:I1303,0 13,0200, 0, 0, 0, 0
20100128093057R:A1306,0 13,1AQ ,,1907,3,
1,8159,10012801293,
3,8160,10012801303,
5,8161,10012801294,
, 0
20100128093057S:A1307,0013,00,0,1HI ,00,1907,3,
1,8159,10012801293,,,                ,0,
3,8160,10012801303,,,                ,0,
5,8161,10012801294,,,                ,0,
,00
20100128093154R:I1303,0 13,0201, 0, 0, 0, 0
20100128093200R:I1303,0 13,0200, 0, 0, 0, 0
20100128093226R:A1306,0 13,1AQ ,,1908,5,
1,8162,10012801220,
2,8163,10012801259,
3,8164,10012801247,
4,8165,10012801275,
5,8166,10012801272,
, 0
20100128093226S:A1307,0013,00,0,1HI ,00,1908,5,
1,8162,10012801220,,,                ,0,
2,8163,10012801259,,,                ,0,
3,8164,10012801247,,,                ,0,
4,8165,10012801275,,,                ,0,
5,8166,10012801272,,,                ,0,
,00
20100128093231R:I1303,0 13,0201, 0, 0, 0, 0
20100128093237R:I1303,0 13,0200, 0, 0, 0, 0
20100128093252R:A1306,0 13,1AQ ,,1909,2,
1,8167,10012801268,
5,8168,10012801269,
, 0
20100128093253S:A1307,0013,00,0,1HI ,00,1909,2,
1,8167,10012801268,,,                ,0,
5,8168,10012801269,,,                ,0,
,00
20100128093630R:I1303,0 13,0201, 0, 0, 0, 0
20100128093636R:I1303,0 13,0200, 0, 0, 0, 0
20100128093701R:A1306,0 13,1AQ ,,1910,5,
1,8169,10012801318,
2,8170,10012801335,
3,8171,10012801339,
4,8172,10012801324,
5,8173,10012801321,
, 0
20100128093701S:A1307,0013,00,0,1HI ,00,1910,5,
1,8169,10012801318,,,                ,0,
2,8170,10012801335,,,                ,0,
3,8171,10012801339,,,                ,0,
4,8172,10012801324,,,                ,0,
5,8173,10012801321,,,                ,0,
,00
20100128093733R:I1303,0 13,0201, 0, 0, 0, 0
20100128093739R:I1303,0 13,0200, 0, 0, 0, 0
20100128093804R:A1306,0 13,1AQ ,,1911,5,
1,8174,10012801322,
2,8175,10012801337,
3,8176,10012801319,
4,8177,10012801312,
5,8178,10012801336,
, 0
20100128093804S:A1307,0013,00,0,1HI ,00,1911,5,
1,8174,10012801322,,,                ,0,
2,8175,10012801337,,,                ,0,
3,8176,10012801319,,,                ,0,
4,8177,10012801312,,,                ,0,
5,8178,10012801336,,,                ,0,
,00
20100128094129R:I1303,0 13,0201, 0, 0, 0, 0
20100128094136R:I1303,0 13,0200, 0, 0, 0, 0
20100128094200R:A1306,0 13,1AQ ,,1912,5,
1,8179,10012801354,
2,8180,10012801350,
3,8181,10012801341,
4,8182,10012801347,
5,8183,10012801344,
, 0
20100128094200S:A1307,0013,00,0,1HI ,00,1912,5,
1,8179,10012801354,,,                ,0,
2,8180,10012801350,,,                ,0,
3,8181,10012801341,,,                ,0,
4,8182,10012801347,,,                ,0,
5,8183,10012801344,,,                ,0,
,00
20100128094315R:I1303,0 13,0201, 0, 0, 0, 0
20100128094321R:I1303,0 13,0200, 0, 0, 0, 0
20100128094342R:A1306,0 13,1AQ ,,1913,4,
1,8184,10012801361,
2,8185,10012801379,
4,8186,10012801377,
5,8187,10012800464,
, 0
20100128094343S:A1307,0013,00,0,1HI ,00,1913,4,
1,8184,10012801361,,,                ,0,
2,8185,10012801379,,,                ,0,
4,8186,10012801377,,,                ,0,
5,8187,10012800464,,,                ,0,
,00
20100128094536R:I1303,0 13,0201, 0, 0, 0, 0
20100128094542R:I1303,0 13,0200, 0, 0, 0, 0
20100128094607R:A1306,0 13,1AQ ,,1914,5,
1,8188,10012801356,
2,8189,10012801358,
3,8190,10012801370,
4,8191,10012801368,
5,8192,10012801366,
, 0
20100128094607S:A1307,0013,00,0,1HI ,00,1914,5,
1,8188,10012801356,,,                ,0,
2,8189,10012801358,,,                ,0,
3,8190,10012801370,,,                ,0,
4,8191,10012801368,,,                ,0,
5,8192,10012801366,,,                ,0,
,00
20100128094623R:I1303,0 13,0201, 0, 0, 0, 0
20100128094629R:I1303,0 13,0200, 0, 0, 0, 0
20100128094654R:A1306,0 13,1AQ ,,1915,5,
1,8193,10012801343,
2,8194,10012801359,
3,8195,10012801372,
4,8196,10012801380,
5,8197,10012801367,
, 0
20100128094654S:A1307,0013,00,0,1HI ,00,1915,5,
1,8193,10012801343,,,                ,0,
2,8194,10012801359,,,                ,0,
3,8195,10012801372,,,                ,0,
4,8196,10012801380,,,                ,0,
5,8197,10012801367,,,                ,0,
,00
20100128094900R:I1303,0 13,0201, 0, 0, 0, 0
20100128094906R:I1303,0 13,0200, 0, 0, 0, 0
20100128094931R:A1306,0 13,1AQ ,,1916,5,
1,8198,10012801383,
2,8199,10012801406,
3,8200,10012801425,
4,8201,10012801403,
5,8202,10012801388,
, 0
20100128094931S:A1307,0013,00,0,1HI ,00,1916,5,
1,8198,10012801383,,,                ,0,
2,8199,10012801406,,,                ,0,
3,8200,10012801425,,,                ,0,
4,8201,10012801403,,,                ,0,
5,8202,10012801388,,,                ,0,
,00
20100128095130R:I1303,0 13,0201, 0, 0, 0, 0
20100128095136R:I1303,0 13,0200, 0, 0, 0, 0
20100128095155R:I1303,0 13,0201, 0, 0, 0, 0
20100128095201R:A1306,0 13,1AQ ,,1917,5,
1,8203,10012801405,
2,8204,10012801382,
3,8205,10012801392,
4,8206,10012801387,
5,8207,10012801400,
, 0
20100128095201S:A1307,0013,00,0,1HI ,00,1917,5,
1,8203,10012801405,,,                ,0,
2,8204,10012801382,,,                ,0,
3,8205,10012801392,,,                ,0,
4,8206,10012801387,,,                ,0,
5,8207,10012801400,,,                ,0,
,00
20100128095208R:I1303,0 13,0200, 0, 0, 0, 0
20100128095223R:A1306,0 13,1AQ ,,1918,2,
1,8208,10012801397,
5,8209,10012801424,
, 0
20100128095223S:A1307,0013,00,0,1HI ,00,1918,2,
1,8208,10012801397,,,                ,0,
5,8209,10012801424,,,                ,0,
,00
20100128095755R:I1303,0 13,0201, 0, 0, 0, 0
20100128095801R:I1303,0 13,0200, 0, 0, 0, 0
20100128095827R:A1306,0 13,1AQ ,,1919,5,
1,8210,10012801455,
2,8211,10012801446,
3,8212,10012801457,
4,8213,10012801414,
5,8214,10012801452,
, 0
20100128095827S:A1307,0013,00,0,1HI ,00,1919,5,
1,8210,10012801455,,,                ,0,
2,8211,10012801446,,,                ,0,
3,8212,10012801457,,,                ,0,
4,8213,10012801414,,,                ,0,
5,8214,10012801452,,,                ,0,
,00
20100128100053R:I1303,0 13,0201, 0, 0, 0, 0
20100128100059R:I1303,0 13,0200, 0, 0, 0, 0
20100128100122R:A1306,0 13,1AQ ,,1920,4,
1,8215,10012801447,
2,8216,10012801416,
4,8217,10012801434,
5,8218,10012801409,
, 0
20100128100122S:A1307,0013,00,0,1HI ,00,1920,4,
1,8215,10012801447,,,                ,0,
2,8216,10012801416,,,                ,0,
4,8217,10012801434,,,                ,0,
5,8218,10012801409,,,                ,0,
,00
20100128100124R:I1303,0 13,0201, 0, 0, 0, 0
20100128100130R:I1303,0 13,0200, 0, 0, 0, 0
20100128100150R:I1303,0 13,0201, 0, 0, 0, 0
20100128100155R:A1306,0 13,1AQ ,,1921,5,
1,8219,10012801469,
2,8220,10012801461,
3,8221,10012801462,
4,8222,10012801475,
5,8223,10012801467,
, 0
20100128100155S:A1307,0013,00,0,1HI ,00,1921,5,
1,8219,10012801469,,,                ,0,
2,8220,10012801461,,,                ,0,
3,8221,10012801462,,,                ,0,
4,8222,10012801475,,,                ,0,
5,8223,10012801467,,,                ,0,
,00
20100128100202R:I1303,0 13,0200, 0, 0, 0, 0
20100128100214R:A1306,0 13,1AQ ,,1922,1,
3,8224,10012801470,
, 0
20100128100214S:A1307,0013,00,0,1HI ,00,1922,1,
3,8224,10012801470,,,                ,0,
,00
20100128100611R:I1303,0 13,0201, 0, 0, 0, 0
20100128100617R:I1303,0 13,0200, 0, 0, 0, 0
20100128100633R:A1306,0 13,1AQ ,,1923,2,
1,8225,10012801483,
5,8226,10012801484,
, 0
20100128100633S:A1307,0013,00,0,1HI ,00,1923,2,
1,8225,10012801483,,,                ,0,
5,8226,10012801484,,,                ,0,
,00
20100128101018R:I1303,0 13,0201, 0, 0, 0, 0
20100128101024R:I1303,0 13,0200, 0, 0, 0, 0
20100128101049R:A1306,0 13,1AQ ,,1924,5,
1,8227,10012801500,
2,8228,10012801492,
3,8229,10012801503,
4,8230,10012801498,
5,8231,10012801507,
, 0
20100128101049S:A1307,0013,00,0,1HI ,00,1924,5,
1,8227,10012801500,,,                ,0,
2,8228,10012801492,,,                ,0,
3,8229,10012801503,,,                ,0,
4,8230,10012801498,,,                ,0,
5,8231,10012801507,,,                ,0,
,00
20100128101630R:I1303,0 13,0201, 0, 0, 0, 0
20100128101635R:I1303,0 13,0200, 0, 0, 0, 0
20100128101654R:A1306,0 13,1AQ ,,1925,3,
1,8232,10012801493,
3,8233,10012801504,
5,8234,10012801508,
, 0
20100128101654S:A1307,0013,00,0,1HI ,00,1925,3,
1,8232,10012801493,,,                ,0,
3,8233,10012801504,,,                ,0,
5,8234,10012801508,,,                ,0,
,00
20100128101707R:I1303,0 13,0201, 0, 0, 0, 0
20100128101713R:I1303,0 13,0200, 0, 0, 0, 0
20100128101729R:A1306,0 13,1AQ ,,1926,2,
1,8235,10012801521,
5,8236,10012801524,
, 0
20100128101729S:A1307,0013,00,0,1HI ,00,1926,2,
1,8235,10012801521,,,                ,0,
5,8236,10012801524,,,                ,0,
,00
20100128102046R:I1303,0 13,0201, 0, 0, 0, 0
20100128102052R:I1303,0 13,0200, 0, 0, 0, 0
20100128102117R:A1306,0 13,1AQ ,,1927,5,
1,8237,10012801526,
2,8238,10012801512,
3,8239,10012801520,
4,8240,10012801531,
5,8241,10012801527,
, 0
20100128102117S:A1307,0013,00,0,1HI ,00,1927,5,
1,8237,10012801526,,,                ,0,
2,8238,10012801512,,,                ,0,
3,8239,10012801520,,,                ,0,
4,8240,10012801531,,,                ,0,
5,8241,10012801527,,,                ,0,
,00
20100128102730R:I1303,0 13,0201, 0, 0, 0, 0
20100128102736R:I1303,0 13,0200, 0, 0, 0, 0
20100128102801R:A1306,0 13,1AQ ,,1928,5,
1,8242,10012801548,
2,8243,10012801555,
3,8244,10012801546,
4,8245,10012801559,
5,8246,10012801495,
, 0
20100128102801S:A1307,0013,00,0,1HI ,00,1928,5,
1,8242,10012801548,,,                ,0,
2,8243,10012801555,,,                ,0,
3,8244,10012801546,,,                ,0,
4,8245,10012801559,,,                ,0,
5,8246,10012801495,,,                ,0,
,00
20100128102805R:I1303,0 13,0201, 0, 0, 0, 0
20100128102811R:I1303,0 13,0200, 0, 0, 0, 0
20100128102832R:A1306,0 13,1AQ ,,1929,4,
1,8247,10012801541,
2,8248,10012801535,
4,8249,10012800965,
5,8250,10012801437,
, 0
20100128102832S:A1307,0013,00,0,1HI ,00,1929,4,
1,8247,10012801541,,,                ,0,
2,8248,10012801535,,,                ,0,
4,8249,10012800965,,,                ,0,
5,8250,10012801437,,,                ,0,
,00
20100128103015R:I1303,0 13,0201, 0, 0, 0, 0
20100128103022R:I1303,0 13,0200, 0, 0, 0, 0
20100128103046R:A1306,0 13,1AQ ,,1930,5,
1,8251,10012800996,
2,8252,10012801242,
3,8253,10012801233,
4,8254,10012800982,
5,8255,10012801206,
, 0
20100128103046S:A1307,0013,00,0,1HI ,00,1930,5,
1,8251,10012800996,,,                ,0,
2,8252,10012801242,,,                ,0,
3,8253,10012801233,,,                ,0,
4,8254,10012800982,,,                ,0,
5,8255,10012801206,,,                ,0,
,00
20100128103120R:I1303,0 13,0201, 0, 0, 0, 0
20100128103126R:I1303,0 13,0200, 0, 0, 0, 0
20100128103150R:A1306,0 13,1AQ ,,1931,5,
1,8256,10012800969,
2,8257,10012800948,
3,8258,10012800804,
4,8259,10012801101,
5,8260,10012800728,
, 0
20100128103150S:A1307,0013,00,0,1HI ,00,1931,5,
1,8256,10012800969,,,                ,0,
2,8257,10012800948,,,                ,0,
3,8258,10012800804,,,                ,0,
4,8259,10012801101,,,                ,0,
5,8260,10012800728,,,                ,0,
,00
20100128103210R:I1303,0 13,0201, 0, 0, 0, 0
20100128103216R:I1303,0 13,0200, 0, 0, 0, 0
20100128103241R:A1306,0 13,1AQ ,,1932,5,
1,8261,10012801145,
2,8262,10012801117,
3,8263,10012800828,
4,8264,10012800876,
5,8265,10012801329,
, 0
20100128103241S:A1307,0013,00,0,1HI ,00,1932,5,
1,8261,10012801145,,,                ,0,
2,8262,10012801117,,,                ,0,
3,8263,10012800828,,,                ,0,
4,8264,10012800876,,,                ,0,
5,8265,10012801329,,,                ,0,
,00
20100128103314R:I1303,0 13,0201, 0, 0, 0, 0
20100128103320R:I1303,0 13,0200, 0, 0, 0, 0
20100128103344R:A1306,0 13,1AQ ,,1933,5,
1,8266,10012801556,
2,8267,10012801560,
3,8268,10012801536,
4,8269,10012801443,
5,8270,10012801439,
, 0
20100128103345S:A1307,0013,00,0,1HI ,00,1933,5,
1,8266,10012801556,,,                ,0,
2,8267,10012801560,,,                ,0,
3,8268,10012801536,,,                ,0,
4,8269,10012801443,,,                ,0,
5,8270,10012801439,,,                ,0,
,00
20100128103352R:I1303,0 13,0201, 0, 0, 0, 0
20100128103358R:I1303,0 13,0200, 0, 0, 0, 0
20100128103423R:A1306,0 13,1AQ ,,1934,5,
1,8271,10012800933,
2,8272,10012801146,
3,8273,10012800897,
4,8274,10012800877,
5,8275,10012801254,
, 0
20100128103423S:A1307,0013,00,0,1HI ,00,1934,5,
1,8271,10012800933,,,                ,0,
2,8272,10012801146,,,                ,0,
3,8273,10012800897,,,                ,0,
4,8274,10012800877,,,                ,0,
5,8275,10012801254,,,                ,0,
,00
20100128103506R:I1303,0 13,0201, 0, 0, 0, 0
20100128103512R:I1303,0 13,0200, 0, 0, 0, 0
20100128103536R:A1306,0 13,1AQ ,,1935,5,
1,8276,10012800829,
2,8277,10012801118,
3,8278,10012801330,
4,8279,10012800805,
5,8280,10012801102,
, 0
20100128103537S:A1307,0013,00,0,1HI ,00,1935,5,
1,8276,10012800829,,,                ,0,
2,8277,10012801118,,,                ,0,
3,8278,10012801330,,,                ,0,
4,8279,10012800805,,,                ,0,
5,8280,10012801102,,,                ,0,
,00
20100128103556R:I1303,0 13,0201, 0, 0, 0, 0
20100128103602R:I1303,0 13,0200, 0, 0, 0, 0
20100128103627R:A1306,0 13,1AQ ,,1936,5,
1,8281,10012801284,
2,8282,10012800729,
3,8283,10012801019,
4,8284,10012801187,
5,8285,10012801170,
, 0
20100128103627S:A1307,0013,00,0,1HI ,00,1936,5,
1,8281,10012801284,,,                ,0,
2,8282,10012800729,,,                ,0,
3,8283,10012801019,,,                ,0,
4,8284,10012801187,,,                ,0,
5,8285,10012801170,,,                ,0,
,00
20100128103646R:I1303,0 13,0201, 0, 0, 0, 0
20100128103652R:I1303,0 13,0200, 0, 0, 0, 0
20100128103716R:A1306,0 13,1AQ ,,1937,5,
1,8286,10012801018,
2,8287,10012801283,
3,8288,10012801205,
4,8289,10012801186,
5,8290,10012800947,
, 0
20100128103716S:A1307,0013,00,0,1HI ,00,1937,5,
1,8286,10012801018,,,                ,0,
2,8287,10012801283,,,                ,0,
3,8288,10012801205,,,                ,0,
4,8289,10012801186,,,                ,0,
5,8290,10012800947,,,                ,0,
,00
20100128103735R:I1303,0 13,0201, 0, 0, 0, 0
20100128103741R:I1303,0 13,0200, 0, 0, 0, 0
20100128103806R:A1306,0 13,1AQ ,,1938,5,
1,8291,10012801169,
2,8292,10012800932,
3,8293,10012800896,
4,8294,10012801253,
5,8295,10012801241,
, 0
20100128103806S:A1307,0013,00,0,1HI ,00,1938,5,
1,8291,10012801169,,,                ,0,
2,8292,10012800932,,,                ,0,
3,8293,10012800896,,,                ,0,
4,8294,10012801253,,,                ,0,
5,8295,10012801241,,,                ,0,
,00
20100128103836R:I1303,0 13,0201, 0, 0, 0, 0
20100128103842R:I1303,0 13,0200, 0, 0, 0, 0
20100128103906R:A1306,0 13,1AQ ,,1939,5,
1,8296,10012800995,
2,8297,10012801232,
3,8298,10012800981,
4,8299,10012800968,
5,8300,10012800825,
, 0
20100128103906S:A1307,0013,00,0,1HI ,00,1939,5,
1,8296,10012800995,,,                ,0,
2,8297,10012801232,,,                ,0,
3,8298,10012800981,,,                ,0,
4,8299,10012800968,,,                ,0,
5,8300,10012800825,,,                ,0,
,00
20100128103911R:I1303,0 13,0201, 0, 0, 0, 0
20100128103917R:I1303,0 13,0200, 0, 0, 0, 0
20100128103942R:A1306,0 13,1AQ ,,1940,5,
1,8301,10012801115,
2,8302,10012800801,
3,8303,10012801015,
4,8304,10012801098,
5,8305,10012800726,
, 0
20100128103942S:A1307,0013,00,0,1HI ,00,1940,5,
1,8301,10012801115,,,                ,0,
2,8302,10012800801,,,                ,0,
3,8303,10012801015,,,                ,0,
4,8304,10012801098,,,                ,0,
5,8305,10012800726,,,                ,0,
,00
20100128104001R:I1303,0 13,0201, 0, 0, 0, 0
20100128104007R:I1303,0 13,0200, 0, 0, 0, 0
20100128104031R:A1306,0 13,1AQ ,,1941,5,
1,8306,10012800377,
2,8307,10012800668,
3,8308,10012801573,
4,8309,10012801563,
5,8310,10012801576,
, 0
20100128104031S:A1307,0013,00,0,1HI ,00,1941,5,
1,8306,10012800377,,,                ,0,
2,8307,10012800668,,,                ,0,
3,8308,10012801573,,,                ,0,
4,8309,10012801563,,,                ,0,
5,8310,10012801576,,,                ,0,
,00
20100128104048R:I1303,0 13,0201, 0, 0, 0, 0
20100128104054R:I1303,0 13,0200, 0, 0, 0, 0
20100128104120R:A1306,0 13,1AQ ,,1942,5,
1,8311,10012801591,
2,8312,10012801596,
3,8313,10012801569,
4,8314,10012801599,
5,8315,10012801587,
, 0
20100128104120S:A1307,0013,00,0,1HI ,00,1942,5,
1,8311,10012801591,,,                ,0,
2,8312,10012801596,,,                ,0,
3,8313,10012801569,,,                ,0,
4,8314,10012801599,,,                ,0,
5,8315,10012801587,,,                ,0,
,00
20100128104122R:I1303,0 13,0201, 0, 0, 0, 0
20100128104128R:I1303,0 13,0200, 0, 0, 0, 0
20100128104150R:A1306,0 13,1AQ ,,1943,4,
1,8316,10012801577,
2,8317,10012801564,
4,8318,10012801574,
5,8319,10012801570,
, 0
20100128104150S:A1307,0013,00,0,1HI ,00,1943,4,
1,8316,10012801577,,,                ,0,
2,8317,10012801564,,,                ,0,
4,8318,10012801574,,,                ,0,
5,8319,10012801570,,,                ,0,
,00
20100128104215R:I1303,0 13,0201, 0, 0, 0, 0
20100128104221R:I1303,0 13,0200, 0, 0, 0, 0
20100128104244R:A1306,0 13,1AQ ,,1944,5,
1,8320,10012801282,
2,8321,10012801327,
3,8322,10012801202,
4,8323,10012801183,
5,8324,10012801167,
, 0
20100128104245S:A1307,0013,00,0,1HI ,00,1944,5,
1,8320,10012801282,,,                ,0,
2,8321,10012801327,,,                ,0,
3,8322,10012801202,,,                ,0,
4,8323,10012801183,,,                ,0,
5,8324,10012801167,,,                ,0,
,00
20100128104302R:I1303,0 13,0201, 0, 0, 0, 0
20100128104308R:I1303,0 13,0200, 0, 0, 0, 0
20100128104333R:A1306,0 13,1AQ ,,1945,5,
1,8325,10012800930,
2,8326,10012800944,
3,8327,10012801142,
4,8328,10012800894,
5,8329,10012800873,
, 0
20100128104333S:A1307,0013,00,0,1HI ,00,1945,5,
1,8325,10012800930,,,                ,0,
2,8326,10012800944,,,                ,0,
3,8327,10012801142,,,                ,0,
4,8328,10012800894,,,                ,0,
5,8329,10012800873,,,                ,0,
,00
20100128104349R:I1303,0 13,0201, 0, 0, 0, 0
20100128104355R:I1303,0 13,0200, 0, 0, 0, 0
20100128104413R:I1303,0 13,0201, 0, 0, 0, 0
20100128104419R:A1306,0 13,1AQ ,,1946,5,
1,8330,10012801250,
2,8331,10012801239,
3,8332,10012800994,
4,8333,10012801230,
5,8334,10012800979,
, 0
20100128104419S:A1307,0013,00,0,1HI ,00,1946,5,
1,8330,10012801250,,,                ,0,
2,8331,10012801239,,,                ,0,
3,8332,10012800994,,,                ,0,
4,8333,10012801230,,,                ,0,
5,8334,10012800979,,,                ,0,
,00
20100128104427R:I1303,0 13,0200, 0, 0, 0, 0
20100128104439R:A1306,0 13,1AQ ,,1947,1,
3,8335,10012801633,
, 0
20100128104439S:A1307,0013,00,0,1HI ,00,1947,1,
3,8335,10012801633,,,                ,0,
,00
20100128104516R:I1303,0 13,0201, 0, 0, 0, 0
20100128104522R:I1303,0 13,0200, 0, 0, 0, 0
20100128104537R:A1306,0 13,1AQ ,,1948,2,
1,8336,10012801565,
5,8337,10012800378,
, 0
20100128104537S:A1307,0013,00,0,1HI ,00,1948,2,
1,8336,10012801565,,,                ,0,
5,8337,10012800378,,,                ,0,
,00
20100128105045R:I1303,0 13,0201, 0, 0, 0, 0
20100128105051R:I1303,0 13,0200, 0, 0, 0, 0
20100128105115R:A1306,0 13,1AQ ,,1949,5,
1,8338,10012801612,
2,8339,10012801609,
3,8340,10012801625,
4,8341,10012801606,
5,8342,10012801603,
, 0
20100128105116S:A1307,0013,00,0,1HI ,00,1949,5,
1,8338,10012801612,,,                ,0,
2,8339,10012801609,,,                ,0,
3,8340,10012801625,,,                ,0,
4,8341,10012801606,,,                ,0,
5,8342,10012801603,,,                ,0,
,00
20100128105131R:I1303,0 13,0201, 0, 0, 0, 0
20100128105137R:I1303,0 13,0200, 0, 0, 0, 0
20100128105200R:A1306,0 13,1AQ ,,1950,5,
1,8343,10012801637,
2,8344,10012801650,
3,8345,10012801653,
4,8346,10012801644,
5,8347,10012801642,
, 0
20100128105200S:A1307,0013,00,0,1HI ,00,1950,5,
1,8343,10012801637,,,                ,0,
2,8344,10012801650,,,                ,0,
3,8345,10012801653,,,                ,0,
4,8346,10012801644,,,                ,0,
5,8347,10012801642,,,                ,0,
,00
20100128105227R:I1303,0 13,0201, 0, 0, 0, 0
20100128105233R:I1303,0 13,0200, 0, 0, 0, 0
20100128105258R:A1306,0 13,1AQ ,,1951,5,
1,8348,10012801651,
2,8349,10012801645,
3,8350,10012801638,
4,8351,10012801639,
5,8352,10012801604,
, 0
20100128105258S:A1307,0013,00,0,1HI ,00,1951,5,
1,8348,10012801651,,,                ,0,
2,8349,10012801645,,,                ,0,
3,8350,10012801638,,,                ,0,
4,8351,10012801639,,,                ,0,
5,8352,10012801604,,,                ,0,
,00
20100128105428R:I1303,0 13,0201, 0, 0, 0, 0
20100128105434R:I1303,0 13,0200, 0, 0, 0, 0
20100128105459R:A1306,0 13,1AQ ,,1952,5,
1,8353,10012801667,
2,8354,10012801670,
3,8355,10012801674,
4,8356,10012800221,
5,8357,10012801668,
, 0
20100128105459S:A1307,0013,00,0,1HI ,00,1952,5,
1,8353,10012801667,,,                ,0,
2,8354,10012801670,,,                ,0,
3,8355,10012801674,,,                ,0,
4,8356,10012800221,,,                ,0,
5,8357,10012801668,,,                ,0,
,00
20100128110113R:I1303,0 13,0201, 0, 0, 0, 0
20100128110119R:I1303,0 13,0200, 0, 0, 0, 0
20100128110144R:A1306,0 13,1AQ ,,1953,5,
1,8358,10012801681,
2,8359,10012801695,
3,8360,10012801684,
4,8361,10012801706,
5,8362,10012801687,
, 0
20100128110144S:A1307,0013,00,0,1HI ,00,1953,5,
1,8358,10012801681,,,                ,0,
2,8359,10012801695,,,                ,0,
3,8360,10012801684,,,                ,0,
4,8361,10012801706,,,                ,0,
5,8362,10012801687,,,                ,0,
,00
20100128110423R:I1303,0 13,0201, 0, 0, 0, 0
20100128110429R:I1303,0 13,0200, 0, 0, 0, 0
20100128110453R:A1306,0 13,1AQ ,,1954,5,
1,8363,10012801693,
2,8364,10012801703,
3,8365,10012801712,
4,8366,10012801709,
5,8367,10012800475,
, 0
20100128110453S:A1307,0013,00,0,1HI ,00,1954,5,
1,8363,10012801693,,,                ,0,
2,8364,10012801703,,,                ,0,
3,8365,10012801712,,,                ,0,
4,8366,10012801709,,,                ,0,
5,8367,10012800475,,,                ,0,
,00
20100128110511R:I1303,0 13,0201, 0, 0, 0, 0
20100128110517R:I1303,0 13,0200, 0, 0, 0, 0
20100128110543R:A1306,0 13,1AQ ,,1955,5,
1,8368,10012801704,
2,8369,10012801682,
3,8370,10012801696,
4,8371,10012801713,
5,8372,10012801707,
, 0
20100128110543S:A1307,0013,00,0,1HI ,00,1955,5,
1,8368,10012801704,,,                ,0,
2,8369,10012801682,,,                ,0,
3,8370,10012801696,,,                ,0,
4,8371,10012801713,,,                ,0,
5,8372,10012801707,,,                ,0,
,00
20100128110557R:I1303,0 13,0201, 0, 0, 0, 0
20100128110603R:I1303,0 13,0200, 0, 0, 0, 0
20100128110628R:A1306,0 13,1AQ ,,1956,5,
1,8373,10012801768,
2,8374,10012801723,
3,8375,10012801744,
4,8376,10012801758,
5,8377,10012801730,
, 0
20100128110628S:A1307,0013,00,0,1HI ,00,1956,5,
1,8373,10012801768,,,                ,0,
2,8374,10012801723,,,                ,0,
3,8375,10012801744,,,                ,0,
4,8376,10012801758,,,                ,0,
5,8377,10012801730,,,                ,0,
,00
20100128111342R:I1303,0 13,0201, 0, 0, 0, 0
20100128111348R:I1303,0 13,0200, 0, 0, 0, 0
20100128111413R:A1306,0 13,1AQ ,,1957,5,
1,8378,10012800260,
2,8379,10012801477,
3,8380,10012801727,
4,8381,10012801734,
5,8382,10012801735,
, 0
20100128111414S:A1307,0013,00,0,1HI ,00,1957,5,
1,8378,10012800260,,,                ,0,
2,8379,10012801477,,,                ,0,
3,8380,10012801727,,,                ,0,
4,8381,10012801734,,,                ,0,
5,8382,10012801735,,,                ,0,
,00
20100128111422R:I1303,0 13,0201, 0, 0, 0, 0
20100128111428R:I1303,0 13,0200, 0, 0, 0, 0
20100128111450R:A1306,0 13,1AQ ,,1958,4,
1,8383,10012801784,
2,8384,10012801785,
4,8385,10012801783,
5,8386,10012801775,
, 0
20100128111450S:A1307,0013,00,0,1HI ,00,1958,4,
1,8383,10012801784,,,                ,0,
2,8384,10012801785,,,                ,0,
4,8385,10012801783,,,                ,0,
5,8386,10012801775,,,                ,0,
,00
20100128111601R:I1303,0 13,0201, 0, 0, 0, 0
20100128111607R:I1303,0 13,0200, 0, 0, 0, 0
20100128111619R:A1306,0 13,1AQ ,,1959,1,
3,8387,10012801029,
, 0
20100128111619S:A1307,0013,00,0,1HI ,00,1959,1,
3,8387,10012801029,,,                ,0,
,00
20100128112523R:I1303,0 13,0201, 0, 0, 0, 0
20100128112529R:I1303,0 13,0200, 0, 0, 0, 0
20100128112554R:A1306,0 13,1AQ ,,1960,5,
1,8388,10012801701,
2,8389,10012801815,
3,8390,10012801819,
4,8391,10012801794,
5,8392,10012801788,
, 0
20100128112555S:A1307,0013,00,0,1HI ,00,1960,5,
1,8388,10012801701,,,                ,0,
2,8389,10012801815,,,                ,0,
3,8390,10012801819,,,                ,0,
4,8391,10012801794,,,                ,0,
5,8392,10012801788,,,                ,0,
,00
20100128112601R:I1303,0 13,0201, 0, 0, 0, 0
20100128112607R:I1303,0 13,0200, 0, 0, 0, 0
20100128112625R:A1306,0 13,1AQ ,,1961,3,
1,8393,10012801816,
3,8394,10012801789,
5,8395,10012801820,
, 0
20100128112626S:A1307,0013,00,0,1HI ,00,1961,3,
1,8393,10012801816,,,                ,0,
3,8394,10012801789,,,                ,0,
5,8395,10012801820,,,                ,0,
,00
20100128112636R:I1303,0 13,0201, 0, 0, 0, 0
20100128112642R:I1303,0 13,0200, 0, 0, 0, 0
20100128112703R:A1306,0 13,1AQ ,,1962,4,
1,8396,10012801797,
2,8397,10012801828,
4,8398,10012801800,
5,8399,10012801824,
, 0
20100128112704S:A1307,0013,00,0,1HI ,00,1962,4,
1,8396,10012801797,,,                ,0,
2,8397,10012801828,,,                ,0,
4,8398,10012801800,,,                ,0,
5,8399,10012801824,,,                ,0,
,00
20100128112936R:I1303,0 13,0201, 0, 0, 0, 0
20100128112942R:I1303,0 13,0200, 0, 0, 0, 0
20100128113003R:A1306,0 13,1AQ ,,1963,4,
1,8400,10012801851,
2,8401,10012801860,
4,8402,10012801842,
5,8403,10012801835,
, 0
20100128113003S:A1307,0013,00,0,1HI ,00,1963,4,
1,8400,10012801851,,,                ,0,
2,8401,10012801860,,,                ,0,
4,8402,10012801842,,,                ,0,
5,8403,10012801835,,,                ,0,
,00
20100128113314R:I1303,0 13,0201, 0, 0, 0, 0
20100128113320R:I1303,0 13,0200, 0, 0, 0, 0
20100128113345R:A1306,0 13,1AQ ,,1964,5,
1,8404,10012801836,
2,8405,10012801861,
3,8406,10012801839,
4,8407,10012801583,
5,8408,10012801742,
, 0
20100128113345S:A1307,0013,00,0,1HI ,00,1964,5,
1,8404,10012801836,,,                ,0,
2,8405,10012801861,,,                ,0,
3,8406,10012801839,,,                ,0,
4,8407,10012801583,,,                ,0,
5,8408,10012801742,,,                ,0,
,00
20100128113356R:I1303,0 13,0201, 0, 0, 0, 0
20100128113402R:I1303,0 13,0200, 0, 0, 0, 0
20100128113421R:A1306,0 13,1AQ ,,1965,3,
1,8409,10012801763,
3,8410,10012801584,
5,8411,10012801764,
, 0
20100128113421S:A1307,0013,00,0,1HI ,00,1965,3,
1,8409,10012801763,,,                ,0,
3,8410,10012801584,,,                ,0,
5,8411,10012801764,,,                ,0,
,00
20100128113442R:I1303,0 13,0201, 0, 0, 0, 0
20100128113448R:I1303,0 13,0200, 0, 0, 0, 0
20100128113512R:A1306,0 13,1AQ ,,1966,5,
1,8412,10012801580,
2,8413,10012801761,
3,8414,10012801615,
4,8415,10012801809,
5,8416,10012801741,
, 0
20100128113512S:A1307,0013,00,0,1HI ,00,1966,5,
1,8412,10012801580,,,                ,0,
2,8413,10012801761,,,                ,0,
3,8414,10012801615,,,                ,0,
4,8415,10012801809,,,                ,0,
5,8416,10012801741,,,                ,0,
,00
20100128114017R:I1303,0 13,0201, 0, 0, 0, 0
20100128114023R:I1303,0 13,0200, 0, 0, 0, 0
20100128114047R:A1306,0 13,1AQ ,,1967,5,
1,8417,10012801863,
2,8418,10012801868,
3,8419,10012801871,
4,8420,10012801865,
5,8421,10012801878,
, 0
20100128114047S:A1307,0013,00,0,1HI ,00,1967,5,
1,8417,10012801863,,,                ,0,
2,8418,10012801868,,,                ,0,
3,8419,10012801871,,,                ,0,
4,8420,10012801865,,,                ,0,
5,8421,10012801878,,,                ,0,
,00
20100128114051R:I1303,0 13,0201, 0, 0, 0, 0
20100128114057R:I1303,0 13,0200, 0, 0, 0, 0
20100128114115R:A1306,0 13,1AQ ,,1968,3,
1,8422,10012801872,
3,8423,10012801879,
5,8424,10012801869,
, 0
20100128114116S:A1307,0013,00,0,1HI ,00,1968,3,
1,8422,10012801872,,,                ,0,
3,8423,10012801879,,,                ,0,
5,8424,10012801869,,,                ,0,
,00
20100128114620R:I1303,0 13,0201, 0, 0, 0, 0
20100128114626R:I1303,0 13,0200, 0, 0, 0, 0
20100128114645R:A1306,0 13,1AQ ,,1969,3,
1,8425,10012801904,
3,8426,10012801902,
5,8427,10012801910,
, 0
20100128114645S:A1307,0013,00,0,1HI ,00,1969,3,
1,8425,10012801904,,,                ,0,
3,8426,10012801902,,,                ,0,
5,8427,10012801910,,,                ,0,
,00
20100128114930R:I1303,0 13,0201, 0, 0, 0, 0
20100128114936R:I1303,0 13,0200, 0, 0, 0, 0
20100128114959R:I1303,0 13,0201, 0, 0, 0, 0
20100128115001R:A1306,0 13,1AQ ,,1970,5,
1,8428,10012801884,
2,8429,10012801894,
3,8430,10012801909,
4,8431,10012801915,
5,8432,10012801906,
, 0
20100128115001S:A1307,0013,00,0,1HI ,00,1970,5,
1,8428,10012801884,,,                ,0,
2,8429,10012801894,,,                ,0,
3,8430,10012801909,,,                ,0,
4,8431,10012801915,,,                ,0,
5,8432,10012801906,,,                ,0,
,00
20100128115009R:I1303,0 13,0200, 0, 0, 0, 0
20100128115025R:A1306,0 13,1AQ ,,1971,2,
1,8433,10012801926,
5,8434,10012801923,
, 0
20100128115025S:A1307,0013,00,0,1HI ,00,1971,2,
1,8433,10012801926,,,                ,0,
5,8434,10012801923,,,                ,0,
,00
20100128115052R:I1303,0 13,0201, 0, 0, 0, 0
20100128115058R:I1303,0 13,0200, 0, 0, 0, 0
20100128115123R:A1306,0 13,1AQ ,,1972,5,
1,8435,10012801935,
2,8436,10012801917,
3,8437,10012801925,
4,8438,10012801921,
5,8439,10012801929,
, 0
20100128115124S:A1307,0013,00,0,1HI ,00,1972,5,
1,8435,10012801935,,,                ,0,
2,8436,10012801917,,,                ,0,
3,8437,10012801925,,,                ,0,
4,8438,10012801921,,,                ,0,
5,8439,10012801929,,,                ,0,
,00
20100128115937R:I1303,0 13,0201, 0, 0, 0, 0
20100128115943R:I1303,0 13,0200, 0, 0, 0, 0
20100128120008R:A1306,0 13,1AQ ,,1973,5,
1,8440,10012801941,
2,8441,10012801953,
3,8442,10012801937,
4,8443,10012801949,
5,8444,10012801959,
, 0
20100128120008S:A1307,0013,00,0,1HI ,00,1973,5,
1,8440,10012801941,,,                ,0,
2,8441,10012801953,,,                ,0,
3,8442,10012801937,,,                ,0,
4,8443,10012801949,,,                ,0,
5,8444,10012801959,,,                ,0,
,00
20100128120010R:I1303,0 13,0201, 0, 0, 0, 0
20100128120016R:I1303,0 13,0200, 0, 0, 0, 0
20100128120037R:A1306,0 13,1AQ ,,1974,4,
1,8445,10012801947,
2,8446,10012801942,
4,8447,10012801954,
5,8448,10012801938,
, 0
20100128120037S:A1307,0013,00,0,1HI ,00,1974,4,
1,8445,10012801947,,,                ,0,
2,8446,10012801942,,,                ,0,
4,8447,10012801954,,,                ,0,
5,8448,10012801938,,,                ,0,
,00
20100128120107R:I1303,0 13,0201, 0, 0, 0, 0
20100128120113R:I1303,0 13,0200, 0, 0, 0, 0
20100128120131R:A1306,0 13,1AQ ,,1975,3,
1,8449,10012801946,
3,8450,10012801943,
5,8451,10012801961,
, 0
20100128120131S:A1307,0013,00,0,1HI ,00,1975,3,
1,8449,10012801946,,,                ,0,
3,8450,10012801943,,,                ,0,
5,8451,10012801961,,,                ,0,
,00
20100128120313R:I1303,0 13,0201, 0, 0, 0, 0
20100128120319R:I1303,0 13,0200, 0, 0, 0, 0
20100128120337R:I1303,0 13,0201, 0, 0, 0, 0
20100128120343R:A1306,0 13,1AQ ,,1976,5,
1,8452,10012801449,
2,8453,10012801989,
3,8454,10012801973,
4,8455,10012801963,
5,8456,10012801981,
, 0
20100128120344S:A1307,0013,00,0,1HI ,00,1976,5,
1,8452,10012801449,,,                ,0,
2,8453,10012801989,,,                ,0,
3,8454,10012801973,,,                ,0,
4,8455,10012801963,,,                ,0,
5,8456,10012801981,,,                ,0,
,00
20100128120351R:I1303,0 13,0200, 0, 0, 0, 0
20100128120404R:A1306,0 13,1AQ ,,1977,1,
3,8457,10012801971,
, 0
20100128120404S:A1307,0013,00,0,1HI ,00,1977,1,
3,8457,10012801971,,,                ,0,
,00
20100128120732R:I1303,0 13,0201, 0, 0, 0, 0
20100128120738R:I1303,0 13,0200, 0, 0, 0, 0
20100128120803R:A1306,0 13,1AQ ,,1978,5,
1,8458,10012802010,
2,8459,10012801986,
3,8460,10012802001,
4,8461,10012801996,
5,8462,10012802005,
, 0
20100128120803S:A1307,0013,00,0,1HI ,00,1978,5,
1,8458,10012802010,,,                ,0,
2,8459,10012801986,,,                ,0,
3,8460,10012802001,,,                ,0,
4,8461,10012801996,,,                ,0,
5,8462,10012802005,,,                ,0,
,00
20100128121003R:I1303,0 13,0201, 0, 0, 0, 0
20100128121009R:I1303,0 13,0200, 0, 0, 0, 0
20100128121033R:A1306,0 13,1AQ ,,1979,5,
1,8463,10012801977,
2,8464,10012801990,
3,8465,10012801976,
4,8466,10012801970,
5,8467,10012801978,
, 0
20100128121033S:A1307,0013,00,0,1HI ,00,1979,5,
1,8463,10012801977,,,                ,0,
2,8464,10012801990,,,                ,0,
3,8465,10012801976,,,                ,0,
4,8466,10012801970,,,                ,0,
5,8467,10012801978,,,                ,0,
,00
20100128121039R:I1303,0 13,0201, 0, 0, 0, 0
20100128121045R:I1303,0 13,0200, 0, 0, 0, 0
20100128121101R:A1306,0 13,1AQ ,,1980,2,
1,8468,10012802011,
5,8469,10012801993,
, 0
20100128121101S:A1307,0013,00,0,1HI ,00,1980,2,
1,8468,10012802011,,,                ,0,
5,8469,10012801993,,,                ,0,
,00
20100128122005R:I1303,0 13,0201, 0, 0, 0, 0
20100128122011R:I1303,0 13,0200, 0, 0, 0, 0
20100128122035R:A1306,0 13,1AQ ,,1981,5,
1,8470,10012802041,
2,8471,10012802020,
3,8472,10012802015,
4,8473,10012802040,
5,8474,10012802043,
, 0
20100128122035S:A1307,0013,00,0,1HI ,00,1981,5,
1,8470,10012802041,,,                ,0,
2,8471,10012802020,,,                ,0,
3,8472,10012802015,,,                ,0,
4,8473,10012802040,,,                ,0,
5,8474,10012802043,,,                ,0,
,00
20100128122059R:I1303,0 13,0201, 0, 0, 0, 0
20100128122105R:I1303,0 13,0200, 0, 0, 0, 0
20100128122128R:A1306,0 13,1AQ ,,1982,4,
1,8475,10012802016,
2,8476,10012802022,
4,8477,10012802017,
5,8478,10012802025,
, 0
20100128122128S:A1307,0013,00,0,1HI ,00,1982,4,
1,8475,10012802016,,,                ,0,
2,8476,10012802022,,,                ,0,
4,8477,10012802017,,,                ,0,
5,8478,10012802025,,,                ,0,
,00
20100128122140R:I1303,0 13,0201, 0, 0, 0, 0
20100128122146R:I1303,0 13,0200, 0, 0, 0, 0
20100128122211R:A1306,0 13,1AQ ,,1983,5,
1,8479,10012802049,
2,8480,10012802062,
3,8481,10012802047,
4,8482,10012802065,
5,8483,10012802033,
, 0
20100128122211S:A1307,0013,00,0,1HI ,00,1983,5,
1,8479,10012802049,,,                ,0,
2,8480,10012802062,,,                ,0,
3,8481,10012802047,,,                ,0,
4,8482,10012802065,,,                ,0,
5,8483,10012802033,,,                ,0,
,00
20100128122214R:I1303,0 13,0201, 0, 0, 0, 0
20100128122220R:I1303,0 13,0200, 0, 0, 0, 0
20100128122242R:A1306,0 13,1AQ ,,1984,4,
1,8484,10012802058,
2,8485,10012802030,
4,8486,10012802034,
5,8487,10012802063,
, 0
20100128122242S:A1307,0013,00,0,1HI ,00,1984,4,
1,8484,10012802058,,,                ,0,
2,8485,10012802030,,,                ,0,
4,8486,10012802034,,,                ,0,
5,8487,10012802063,,,                ,0,
,00
20100128122424R:I1303,0 13,0201, 0, 0, 0, 0
20100128122430R:I1303,0 13,0200, 0, 0, 0, 0
20100128122456R:A1306,0 13,1AQ ,,1985,5,
1,8488,10012802095,
2,8489,10012802094,
3,8490,10012802075,
4,8491,10012802085,
5,8492,10012802051,
, 0
20100128122456S:A1307,0013,00,0,1HI ,00,1985,5,
1,8488,10012802095,,,                ,0,
2,8489,10012802094,,,                ,0,
3,8490,10012802075,,,                ,0,
4,8491,10012802085,,,                ,0,
5,8492,10012802051,,,                ,0,
,00
20100128122512R:I1303,0 13,0201, 0, 0, 0, 0
20100128122518R:I1303,0 13,0200, 0, 0, 0, 0
20100128122533R:A1306,0 13,1AQ ,,1986,2,
1,8493,10012802068,
5,8494,10012802076,
, 0
20100128122533S:A1307,0013,00,0,1HI ,00,1986,2,
1,8493,10012802068,,,                ,0,
5,8494,10012802076,,,                ,0,
,00
20100128122829R:I1303,0 13,0201, 0, 0, 0, 0
20100128122835R:I1303,0 13,0200, 0, 0, 0, 0
20100128122854R:I1303,0 13,0201, 0, 0, 0, 0
20100128122857R:A1306,0 13,1AQ ,,1987,4,
1,8495,10012802091,
2,8496,10012802106,
4,8497,10012802099,
5,8498,10012802097,
, 0
20100128122857S:A1307,0013,00,0,1HI ,00,1987,4,
1,8495,10012802091,,,                ,0,
2,8496,10012802106,,,                ,0,
4,8497,10012802099,,,                ,0,
5,8498,10012802097,,,                ,0,
,00
20100128122904R:I1303,0 13,0200, 0, 0, 0, 0
20100128122916R:A1306,0 13,1AQ ,,1988,1,
3,8499,10012801855,
, 0
20100128122916S:A1307,0013,00,0,1HI ,00,1988,1,
3,8499,10012801855,,,                ,0,
,00
20100128122942R:I1303,0 13,0201, 0, 0, 0, 0
20100128122948R:I1303,0 13,0200, 0, 0, 0, 0
20100128123010R:A1306,0 13,1AQ ,,1989,4,
1,8500,10012802137,
2,8501,10012802128,
4,8502,10012802129,
5,8503,10012802132,
, 0
20100128123010S:A1307,0013,00,0,1HI ,00,1989,4,
1,8500,10012802137,,,                ,0,
2,8501,10012802128,,,                ,0,
4,8502,10012802129,,,                ,0,
5,8503,10012802132,,,                ,0,
,00
20100128123656R:I1303,0 13,0201, 0, 0, 0, 0
20100128123702R:I1303,0 13,0200, 0, 0, 0, 0
20100128123717R:A1306,0 13,1AQ ,,1990,2,
1,8504,10012802138,
5,8505,10012802120,
, 0
20100128123717S:A1307,0013,00,0,1HI ,00,1990,2,
1,8504,10012802138,,,                ,0,
5,8505,10012802120,,,                ,0,
,00
20100128124025R:I1303,0 13,0201, 0, 0, 0, 0
20100128124031R:I1303,0 13,0200, 0, 0, 0, 0
20100128124054R:A1306,0 13,1AQ ,,1991,4,
1,8506,10012802155,
2,8507,10012802151,
4,8508,10012802140,
5,8509,10012802156,
, 0
20100128124054S:A1307,0013,00,0,1HI ,00,1991,4,
1,8506,10012802155,,,                ,0,
2,8507,10012802151,,,                ,0,
4,8508,10012802140,,,                ,0,
5,8509,10012802156,,,                ,0,
,00
20100128124324R:I1303,0 13,0201, 0, 0, 0, 0
20100128124330R:I1303,0 13,0200, 0, 0, 0, 0
20100128124351R:A1306,0 13,1AQ ,,1992,4,
1,8510,10012802185,
2,8511,10012800476,
4,8512,10012802187,
5,8513,10012802186,
, 0
20100128124351S:A1307,0013,00,0,1HI ,00,1992,4,
1,8510,10012802185,,,                ,0,
2,8511,10012800476,,,                ,0,
4,8512,10012802187,,,                ,0,
5,8513,10012802186,,,                ,0,
,00
20100128124713R:I1303,0 13,0201, 0, 0, 0, 0
20100128124719R:I1303,0 13,0200, 0, 0, 0, 0
20100128124743R:A1306,0 13,1AQ ,,1993,5,
1,8514,10012802181,
2,8515,10012802150,
3,8516,10012802170,
4,8517,10012802161,
5,8518,10012802139,
, 0
20100128124743S:A1307,0013,00,0,1HI ,00,1993,5,
1,8514,10012802181,,,                ,0,
2,8515,10012802150,,,                ,0,
3,8516,10012802170,,,                ,0,
4,8517,10012802161,,,                ,0,
5,8518,10012802139,,,                ,0,
,00
20100128124748R:I1303,0 13,0201, 0, 0, 0, 0
20100128124754R:I1303,0 13,0200, 0, 0, 0, 0
20100128124815R:A1306,0 13,1AQ ,,1994,4,
1,8519,10012802154,
2,8520,10012802183,
4,8521,10012802163,
5,8522,10012802168,
, 0
20100128124815S:A1307,0013,00,0,1HI ,00,1994,4,
1,8519,10012802154,,,                ,0,
2,8520,10012802183,,,                ,0,
4,8521,10012802163,,,                ,0,
5,8522,10012802168,,,                ,0,
,00
20100128124910R:I1303,0 13,0201, 0, 0, 0, 0
20100128124916R:I1303,0 13,0200, 0, 0, 0, 0
20100128124937R:A1306,0 13,1AQ ,,1995,4,
1,8523,10012802204,
2,8524,10012802216,
4,8525,10012802213,
5,8526,10012802214,
, 0
20100128124937S:A1307,0013,00,0,1HI ,00,1995,4,
1,8523,10012802204,,,                ,0,
2,8524,10012802216,,,                ,0,
4,8525,10012802213,,,                ,0,
5,8526,10012802214,,,                ,0,
,00
20100128124946R:I1303,0 13,0201, 0, 0, 0, 0
20100128124952R:I1303,0 13,0200, 0, 0, 0, 0
20100128125017R:A1306,0 13,1AQ ,,1996,5,
1,8527,10012802203,
2,8528,10012802205,
3,8529,10012800404,
4,8530,10012802088,
5,8531,10012802212,
, 0
20100128125017S:A1307,0013,00,0,1HI ,00,1996,5,
1,8527,10012802203,,,                ,0,
2,8528,10012802205,,,                ,0,
3,8529,10012800404,,,                ,0,
4,8530,10012802088,,,                ,0,
5,8531,10012802212,,,                ,0,
,00
20100128125536R:I1303,0 13,0201, 0, 0, 0, 0
20100128125542R:I1303,0 13,0200, 0, 0, 0, 0
20100128125605R:A1306,0 13,1AQ ,,1997,4,
1,8532,10012802232,
2,8533,10012802235,
4,8534,10012802225,
5,8535,10012802228,
, 0
20100128125605S:A1307,0013,00,0,1HI ,00,1997,4,
1,8532,10012802232,,,                ,0,
2,8533,10012802235,,,                ,0,
4,8534,10012802225,,,                ,0,
5,8535,10012802228,,,                ,0,
,00
20100128125624R:I1303,0 13,0201, 0, 0, 0, 0
20100128125630R:I1303,0 13,0200, 0, 0, 0, 0
20100128125645R:A1306,0 13,1AQ ,,1998,2,
1,8536,10012802226,
5,8537,10012802229,
, 0
20100128125645S:A1307,0013,00,0,1HI ,00,1998,2,
1,8536,10012802226,,,                ,0,
5,8537,10012802229,,,                ,0,
,00
20100128125904R:I1303,0 13,0201, 0, 0, 0, 0
20100128125910R:I1303,0 13,0200, 0, 0, 0, 0
20100128125933R:A1306,0 13,1AQ ,,1999,4,
1,8538,10012802245,
2,8539,10012802247,
4,8540,10012802239,
5,8541,10012802248,
, 0
20100128125933S:A1307,0013,00,0,1HI ,00,1999,4,
1,8538,10012802245,,,                ,0,
2,8539,10012802247,,,                ,0,
4,8540,10012802239,,,                ,0,
5,8541,10012802248,,,                ,0,
,00
20100128130213R:I1303,0 13,0201, 0, 0, 0, 0
20100128130219R:I1303,0 13,0200, 0, 0, 0, 0
20100128130238R:A1306,0 13,1AQ ,,2000,3,
1,8542,10012802255,
3,8543,10012802250,
5,8544,10012802256,
, 0
20100128130238S:A1307,0013,00,0,1HI ,00,2000,3,
1,8542,10012802255,,,                ,0,
3,8543,10012802250,,,                ,0,
5,8544,10012802256,,,                ,0,
,00
20100128130748R:I1303,0 13,0201, 0, 0, 0, 0
20100128132720R:A1306,0 13,1AP ,,1,4,
1,
2,
3,
4,
, 0
20100128132720S:A1307,0013,00,0,1HO ,00,1,4,
,
,00
20100128132726R:I1303,0 13,0200, 0, 0, 0, 0
20100128132727R:I1303,0 13,0201, 0, 0, 0, 0
20100128132742R:A1306,0 13,1AQ ,,1,2,
1,1,10012802262,
5,2,10012802263,
, 0
20100128132742S:A1307,0013,00,0,1HI ,00,1,2,
1,1,10012802262,,,                ,0,
5,2,10012802263,,,                ,0,
,00
20100128132748R:I1303,0 13,0200, 0, 0, 0, 0
20100128132749R:I1303,0 13,0201, 0, 0, 0, 0
20100128132809R:A1306,0 13,1AQ ,,2,4,
1,3,10012802277,
2,4,10012802284,
4,5,10012802288,
5,6,10012802276,
, 0
20100128132809S:A1307,0013,00,0,1HI ,00,2,4,
1,3,10012802277,,,                ,0,
2,4,10012802284,,,                ,0,
4,5,10012802288,,,                ,0,
5,6,10012802276,,,                ,0,
,00
20100128132816R:I1303,0 13,0200, 0, 0, 0, 0
20100128132817R:I1303,0 13,0201, 0, 0, 0, 0
20100128132837R:A1306,0 13,1AQ ,,3,4,
1,7,10012802271,
2,8,10012802268,
4,9,10012802279,
5,10,10012802272,
, 0
20100128132837S:A1307,0013,00,0,1HI ,00,3,4,
1,7,10012802271,,,                ,0,
2,8,10012802268,,,                ,0,
4,9,10012802279,,,                ,0,
5,10,10012802272,,,                ,0,
,00
20100128132845R:I1303,0 13,0200, 0, 0, 0, 0
20100128132845R:I1303,0 13,0201, 0, 0, 0, 0
20100128132906R:A1306,0 13,1AQ ,,4,4,
1,11,10012801885,
2,12,10012801749,
4,13,10012801751,
5,14,10012801752,
, 0
20100128132906S:A1307,0013,00,0,1HI ,00,4,4,
1,11,10012801885,,,                ,0,
2,12,10012801749,,,                ,0,
4,13,10012801751,,,                ,0,
5,14,10012801752,,,                ,0,
,00
20100128132914R:I1303,0 13,0200, 0, 0, 0, 0
20100128133301R:I1303,0 13,0201, 0, 0, 0, 0
20100128133418R:A1306,0 13,1AQ ,,5,4,
1,15,10012802292,
2,16,10012802295,
4,17,10012802297,
5,18,10012802298,
, 0
20100128133418S:A1307,0013,00,0,1HI ,00,5,4,
1,15,10012802292,,,                ,0,
2,16,10012802295,,,                ,0,
4,17,10012802297,,,                ,0,
5,18,10012802298,,,                ,0,
,00
20100128133425R:I1303,0 13,0200, 0, 0, 0, 0
20100128133718R:a1300,0 13, 0
20100128133718R:I1303,0 13,0200, 0, 0, 0, 0
20100128133719R:I1303,0 13,0200, 0, 0, 0, 0
20100128133720R:I1303,0 13,0201, 0, 0, 0, 0
20100128133801R:A1306,0 13,1AP ,,1,4,
1,
2,
3,
4,
, 0
20100128133653S:A1307,0013,00,0,1HO ,00,1,4,
,
,00
20100128133659R:I1303,0 13,0200, 0, 0, 0, 0
20100128133725R:A1306,0 13,1AQ ,,1,5,
1,1,10012800458,
2,2,10012802319,
3,3,10012802222,
4,4,10012802312,
5,5,10012802336,
, 0
20100128133725S:A1307,0013,00,0,1HI ,00,1,5,
1,1,10012800458,,,                ,0,
2,2,10012802319,,,                ,0,
3,3,10012802222,,,                ,0,
4,4,10012802312,,,                ,0,
5,5,10012802336,,,                ,0,
,00
20100128134253R:I1303,0 13,0201, 0, 0, 0, 0
20100128134259R:I1303,0 13,0200, 0, 0, 0, 0
20100128134317R:I1303,0 13,0201, 0, 0, 0, 0
20100128134321R:A1306,0 13,1AQ ,,2,4,
1,6,10012802326,
2,7,10012802356,
4,8,10012802358,
5,9,10012802346,
, 0
20100128134321S:A1307,0013,00,0,1HI ,00,2,4,
1,6,10012802326,,,                ,0,
2,7,10012802356,,,                ,0,
4,8,10012802358,,,                ,0,
5,9,10012802346,,,                ,0,
,00
20100128134328R:I1303,0 13,0200, 0, 0, 0, 0
20100128134343R:A1306,0 13,1AQ ,,3,2,
1,10,10012802327,
5,11,10012802347,
, 0
20100128134343S:A1307,0013,00,0,1HI ,00,3,2,
1,10,10012802327,,,                ,0,
5,11,10012802347,,,                ,0,
,00
20100128135118R:I1303,0 13,0201, 0, 0, 0, 0
20100128135124R:I1303,0 13,0200, 0, 0, 0, 0
20100128135148R:A1306,0 13,1AQ ,,4,5,
1,12,10012802378,
2,13,10012802381,
3,14,10012802371,
4,15,10012802386,
5,16,10012802385,
, 0
20100128135148S:A1307,0013,00,0,1HI ,00,4,5,
1,12,10012802378,,,                ,0,
2,13,10012802381,,,                ,0,
3,14,10012802371,,,                ,0,
4,15,10012802386,,,                ,0,
5,16,10012802385,,,                ,0,
,00
20100128135204R:I1303,0 13,0201, 0, 0, 0, 0
20100128135210R:I1303,0 13,0200, 0, 0, 0, 0
20100128135235R:A1306,0 13,1AQ ,,5,5,
1,17,10012802361,
2,18,10012802370,
3,19,10012802365,
4,20,10012802377,
5,21,10012802380,
, 0
20100128135235S:A1307,0013,00,0,1HI ,00,5,5,
1,17,10012802361,,,                ,0,
2,18,10012802370,,,                ,0,
3,19,10012802365,,,                ,0,
4,20,10012802377,,,                ,0,
5,21,10012802380,,,                ,0,
,00
20100128135517R:I1303,0 13,0201, 0, 0, 0, 0
20100128135523R:I1303,0 13,0200, 0, 0, 0, 0
20100128135540R:A1306,0 13,1AQ ,,6,3,
1,22,10012802399,
3,23,10012802398,
5,24,10012802394,
, 0
20100128135541S:A1307,0013,00,0,1HI ,00,6,3,
1,22,10012802399,,,                ,0,
3,23,10012802398,,,                ,0,
5,24,10012802394,,,                ,0,
,00
20100128140803R:I1303,0 13,0201, 0, 0, 0, 0
20100128140809R:I1303,0 13,0200, 0, 0, 0, 0
20100128140827R:A1306,0 13,1AQ ,,7,3,
1,25,10012802428,
3,26,10012802416,
5,27,10012802408,
, 0
20100128140827S:A1307,0013,00,0,1HI ,00,7,3,
1,25,10012802428,,,                ,0,
3,26,10012802416,,,                ,0,
5,27,10012802408,,,                ,0,
,00
20100128142504R:I1303,0 13,0201, 0, 0, 0, 0
20100128142510R:I1303,0 13,0200, 0, 0, 0, 0
20100128142531R:A1306,0 13,1AQ ,,8,4,
1,28,10012802461,
2,29,10012802434,
4,30,10012802447,
5,31,10012800036,
, 0
20100128142532S:A1307,0013,00,0,1HI ,00,8,4,
1,28,10012802461,,,                ,0,
2,29,10012802434,,,                ,0,
4,30,10012802447,,,                ,0,
5,31,10012800036,,,                ,0,
,00
20100128142550R:I1303,0 13,0201, 0, 0, 0, 0
20100128142556R:I1303,0 13,0200, 0, 0, 0, 0
20100128142621R:A1306,0 13,1AQ ,,9,5,
1,32,10012802446,
2,33,10012802464,
3,34,10012802471,
4,35,10012802433,
5,36,10012800035,
, 0
20100128142621S:A1307,0013,00,0,1HI ,00,9,5,
1,32,10012802446,,,                ,0,
2,33,10012802464,,,                ,0,
3,34,10012802471,,,                ,0,
4,35,10012802433,,,                ,0,
5,36,10012800035,,,                ,0,
,00
20100128143708R:I1303,0 13,0201, 0, 0, 0, 0
20100128143714R:I1303,0 13,0200, 0, 0, 0, 0
20100128143739R:A1306,0 13,1AQ ,,10,5,
1,37,10012802509,
2,38,10012802476,
3,39,10012802512,
4,40,10012802493,
5,41,10012802488,
, 0
20100128143739S:A1307,0013,00,0,1HI ,00,10,5,
1,37,10012802509,,,                ,0,
2,38,10012802476,,,                ,0,
3,39,10012802512,,,                ,0,
4,40,10012802493,,,                ,0,
5,41,10012802488,,,                ,0,
,00
20100128143749R:I1303,0 13,0201, 0, 0, 0, 0
20100128143755R:I1303,0 13,0200, 0, 0, 0, 0
20100128143817R:A1306,0 13,1AQ ,,11,4,
1,42,10012802489,
2,43,10012802494,
4,44,10012802513,
5,45,10012802479,
, 0
20100128143818S:A1307,0013,00,0,1HI ,00,11,4,
1,42,10012802489,,,                ,0,
2,43,10012802494,,,                ,0,
4,44,10012802513,,,                ,0,
5,45,10012802479,,,                ,0,
,00
20100128144049R:I1303,0 13,0201, 0, 0, 0, 0
20100128144055R:I1303,0 13,0200, 0, 0, 0, 0
20100128144116R:A1306,0 13,1AQ ,,12,4,
1,46,10012802534,
2,47,10012802531,
4,48,10012802528,
5,49,10012802539,
, 0
20100128144116S:A1307,0013,00,0,1HI ,00,12,4,
1,46,10012802534,,,                ,0,
2,47,10012802531,,,                ,0,
4,48,10012802528,,,                ,0,
5,49,10012802539,,,                ,0,
,00
20100128144121R:I1303,0 13,0201, 0, 0, 0, 0
20100128144127R:I1303,0 13,0200, 0, 0, 0, 0
20100128144145R:A1306,0 13,1AQ ,,13,3,
1,50,10012802532,
3,51,10012802529,
5,52,10012802535,
, 0
20100128144145S:A1307,0013,00,0,1HI ,00,13,3,
1,50,10012802532,,,                ,0,
3,51,10012802529,,,                ,0,
5,52,10012802535,,,                ,0,
,00
20100128144953R:I1303,0 13,0201, 0, 0, 0, 0
20100128144959R:I1303,0 13,0200, 0, 0, 0, 0
20100128145017R:A1306,0 13,1AQ ,,14,3,
1,53,10012802545,
3,54,10012802556,
5,55,10012802544,
, 0
20100128145018S:A1307,0013,00,0,1HI ,00,14,3,
1,53,10012802545,,,                ,0,
3,54,10012802556,,,                ,0,
5,55,10012802544,,,                ,0,
,00
20100128151116R:I1303,0 13,0201, 0, 0, 0, 0
20100128151122R:I1303,0 13,0200, 0, 0, 0, 0
20100128151147R:A1306,0 13,1AQ ,,15,5,
1,56,10012802561,
2,57,10012802607,
3,58,10012802587,
4,59,10012802567,
5,60,10012802589,
, 0
20100128151147S:A1307,0013,00,0,1HI ,00,15,5,
1,56,10012802561,,,                ,0,
2,57,10012802607,,,                ,0,
3,58,10012802587,,,                ,0,
4,59,10012802567,,,                ,0,
5,60,10012802589,,,                ,0,
,00
20100128151156R:I1303,0 13,0201, 0, 0, 0, 0
20100128151202R:I1303,0 13,0200, 0, 0, 0, 0
20100128151220R:A1306,0 13,1AQ ,,16,3,
1,61,10012802608,
3,62,10012802568,
5,63,10012802569,
, 0
20100128151220S:A1307,0013,00,0,1HI ,00,16,3,
1,61,10012802608,,,                ,0,
3,62,10012802568,,,                ,0,
5,63,10012802569,,,                ,0,
,00
20100128151422R:I1303,0 13,0201, 0, 0, 0, 0
20100128151428R:I1303,0 13,0200, 0, 0, 0, 0
20100128151440R:A1306,0 13,1AQ ,,17,1,
3,64,10012802453,
, 0
20100128151440S:A1307,0013,00,0,1HI ,00,17,1,
3,64,10012802453,,,                ,0,
,00
20100128152058R:I1303,0 13,0201, 0, 0, 0, 0
20100128152104R:I1303,0 13,0200, 0, 0, 0, 0
20100128152128R:A1306,0 13,1AQ ,,18,5,
1,65,10012802618,
2,66,10012802599,
3,67,10012802632,
4,68,10012802628,
5,69,10012802622,
, 0
20100128152128S:A1307,0013,00,0,1HI ,00,18,5,
1,65,10012802618,,,                ,0,
2,66,10012802599,,,                ,0,
3,67,10012802632,,,                ,0,
4,68,10012802628,,,                ,0,
5,69,10012802622,,,                ,0,
,00
20100128152131R:I1303,0 13,0201, 0, 0, 0, 0
20100128152137R:I1303,0 13,0200, 0, 0, 0, 0
20100128152155R:A1306,0 13,1AQ ,,19,3,
1,70,10012802648,
3,71,10012802641,
5,72,10012802638,
, 0
20100128152155S:A1307,0013,00,0,1HI ,00,19,3,
1,70,10012802648,,,                ,0,
3,71,10012802641,,,                ,0,
5,72,10012802638,,,                ,0,
,00
20100128152204R:I1303,0 13,0201, 0, 0, 0, 0
20100128152210R:I1303,0 13,0200, 0, 0, 0, 0
20100128152229R:A1306,0 13,1AQ ,,20,3,
1,73,10012802627,
3,74,10012802649,
5,75,10012802633,
, 0
20100128152229S:A1307,0013,00,0,1HI ,00,20,3,
1,73,10012802627,,,                ,0,
3,74,10012802649,,,                ,0,
5,75,10012802633,,,                ,0,
,00
20100128153328R:I1303,0 13,0201, 0, 0, 0, 0
20100128153334R:I1303,0 13,0200, 0, 0, 0, 0
20100128153400R:A1306,0 13,1AQ ,,21,5,
1,76,10012802660,
2,77,10012802673,
3,78,10012802667,
4,79,10012802661,
5,80,10012802668,
, 0
20100128153400S:A1307,0013,00,0,1HI ,00,21,5,
1,76,10012802660,,,                ,0,
2,77,10012802673,,,                ,0,
3,78,10012802667,,,                ,0,
4,79,10012802661,,,                ,0,
5,80,10012802668,,,                ,0,
,00
20100128154531R:I1303,0 13,0201, 0, 0, 0, 0
20100128154537R:I1303,0 13,0200, 0, 0, 0, 0
20100128154552R:A1306,0 13,1AQ ,,22,2,
1,81,10012802697,
5,82,10012801038,
, 0
20100128154552S:A1307,0013,00,0,1HI ,00,22,2,
1,81,10012802697,,,                ,0,
5,82,10012801038,,,                ,0,
,00
20100128155343R:I1303,0 13,0201, 0, 0, 0, 0
20100128155349R:I1303,0 13,0200, 0, 0, 0, 0
20100128155410R:A1306,0 13,1AQ ,,23,4,
1,83,10012802693,
2,84,10012802722,
4,85,10012802683,
5,86,10012802727,
, 0
20100128155410S:A1307,0013,00,0,1HI ,00,23,4,
1,83,10012802693,,,                ,0,
2,84,10012802722,,,                ,0,
4,85,10012802683,,,                ,0,
5,86,10012802727,,,                ,0,
,00
