20100128073109R:I5503,0 53,0201, 0, 0, 0, 0
20100128073113R:I5503,0 53,0200, 0, 0, 0, 0
20100128073204R:I5503,0 53,0201, 0, 0, 0, 0
20100128073209R:I5503,0 53,0200, 0, 0, 0, 0
20100128073239R:I5503,0 53,0201, 0, 0, 0, 0
20100128073243R:I5503,0 53,0200, 0, 0, 0, 0
20100128073621R:I5503,0 53,0201, 0, 0, 0, 0
20100128073625R:I5503,0 53,0200, 0, 0, 0, 0
20100128074626R:I5503,0 53,0201, 0, 0, 0, 0
20100128074631R:I5503,0 53,0200, 0, 0, 0, 0
20100128075212R:I5503,0 53,0201, 0, 0, 0, 0
20100128075216R:I5503,0 53,0200, 0, 0, 0, 0
20100128075417R:I5503,0 53,0201, 0, 0, 0, 0
20100128075421R:I5503,0 53,0200, 0, 0, 0, 0
20100128080012R:I5503,0 53,0201, 0, 0, 0, 0
20100128080016R:I5503,0 53,0200, 0, 0, 0, 0
20100128080057R:I5503,0 53,0201, 0, 0, 0, 0
20100128080101R:I5503,0 53,0200, 0, 0, 0, 0
20100128080644R:I5503,0 53,0201, 0, 0, 0, 0
20100128080649R:I5503,0 53,0200, 0, 0, 0, 0
20100128080801R:I5503,0 53,0201, 0, 0, 0, 0
20100128080805R:I5503,0 53,0200, 0, 0, 0, 0
20100128080855R:I5503,0 53,0201, 0, 0, 0, 0
20100128080859R:I5503,0 53,0200, 0, 0, 0, 0
20100128081013R:I5503,0 53,0201, 0, 0, 0, 0
20100128081017R:I5503,0 53,0200, 0, 0, 0, 0
20100128081146R:I5503,0 53,0201, 0, 0, 0, 0
20100128081150R:I5503,0 53,0200, 0, 0, 0, 0
20100128081300R:I5503,0 53,0201, 0, 0, 0, 0
20100128081304R:I5503,0 53,0200, 0, 0, 0, 0
20100128081530R:I5503,0 53,0201, 0, 0, 0, 0
20100128081535R:I5503,0 53,0200, 0, 0, 0, 0
20100128081539R:I5503,0 53,0201, 0, 0, 0, 0
20100128081544R:I5503,0 53,0200, 0, 0, 0, 0
20100128081744R:I5503,0 53,0201, 0, 0, 0, 0
20100128081748R:I5503,0 53,0200, 0, 0, 0, 0
20100128081858R:I5503,0 53,0201, 0, 0, 0, 0
20100128081902R:I5503,0 53,0200, 0, 0, 0, 0
20100128082415R:I5503,0 53,0201, 0, 0, 0, 0
20100128082419R:I5503,0 53,0200, 0, 0, 0, 0
20100128082454R:I5503,0 53,0201, 0, 0, 0, 0
20100128082459R:I5503,0 53,0200, 0, 0, 0, 0
20100128082512R:I5503,0 53,0201, 0, 0, 0, 0
20100128082517R:I5503,0 53,0200, 0, 0, 0, 0
20100128082520R:I5503,0 53,0201, 0, 0, 0, 0
20100128082525R:I5503,0 53,0200, 0, 0, 0, 0
20100128083049R:I5503,0 53,0201, 0, 0, 0, 0
20100128083053R:I5503,0 53,0200, 0, 0, 0, 0
20100128083057R:I5503,0 53,0201, 0, 0, 0, 0
20100128083101R:I5503,0 53,0200, 0, 0, 0, 0
20100128083233R:I5503,0 53,0201, 0, 0, 0, 0
20100128083238R:I5503,0 53,0200, 0, 0, 0, 0
20100128083242R:I5503,0 53,0201, 0, 0, 0, 0
20100128083246R:I5503,0 53,0200, 0, 0, 0, 0
20100128083419R:I5503,0 53,0201, 0, 0, 0, 0
20100128083423R:I5503,0 53,0200, 0, 0, 0, 0
20100128083424R:I5503,0 53,0201, 0, 0, 0, 0
20100128083431R:I5503,0 53,0200, 0, 0, 0, 0
20100128083645R:I5503,0 53,0201, 0, 0, 0, 0
20100128083649R:I5503,0 53,0200, 0, 0, 0, 0
20100128083731R:I5503,0 53,0201, 0, 0, 0, 0
20100128083736R:I5503,0 53,0200, 0, 0, 0, 0
20100128084053R:I5503,0 53,0201, 0, 0, 0, 0
20100128084058R:I5503,0 53,0200, 0, 0, 0, 0
20100128084058R:I5503,0 53,0201, 0, 0, 0, 0
20100128084106R:I5503,0 53,0200, 0, 0, 0, 0
20100128084222R:I5503,0 53,0201, 0, 0, 0, 0
20100128084226R:I5503,0 53,0200, 0, 0, 0, 0
20100128084235R:I5503,0 53,0201, 0, 0, 0, 0
20100128084239R:I5503,0 53,0200, 0, 0, 0, 0
20100128084323R:I5503,0 53,0201, 0, 0, 0, 0
20100128084327R:I5503,0 53,0200, 0, 0, 0, 0
20100128084406R:I5503,0 53,0201, 0, 0, 0, 0
20100128084411R:I5503,0 53,0200, 0, 0, 0, 0
20100128084429R:I5503,0 53,0201, 0, 0, 0, 0
20100128084433R:I5503,0 53,0200, 0, 0, 0, 0
20100128084437R:I5503,0 53,0201, 0, 0, 0, 0
20100128084442R:I5503,0 53,0200, 0, 0, 0, 0
20100128084551R:I5503,0 53,0201, 0, 0, 0, 0
20100128084555R:I5503,0 53,0200, 0, 0, 0, 0
20100128084715R:I5503,0 53,0201, 0, 0, 0, 0
20100128084720R:I5503,0 53,0200, 0, 0, 0, 0
20100128084902R:I5503,0 53,0201, 0, 0, 0, 0
20100128084906R:I5503,0 53,0200, 0, 0, 0, 0
20100128085020R:I5503,0 53,0201, 0, 0, 0, 0
20100128085024R:I5503,0 53,0200, 0, 0, 0, 0
20100128085212R:I5503,0 53,0201, 0, 0, 0, 0
20100128085216R:I5503,0 53,0200, 0, 0, 0, 0
20100128085248R:I5503,0 53,0201, 0, 0, 0, 0
20100128085253R:I5503,0 53,0200, 0, 0, 0, 0
20100128085253R:I5503,0 53,0201, 0, 0, 0, 0
20100128085301R:I5503,0 53,0200, 0, 0, 0, 0
20100128085404R:I5503,0 53,0201, 0, 0, 0, 0
20100128085409R:I5503,0 53,0200, 0, 0, 0, 0
20100128085517R:I5503,0 53,0201, 0, 0, 0, 0
20100128085521R:I5503,0 53,0200, 0, 0, 0, 0
20100128085830R:I5503,0 53,0201, 0, 0, 0, 0
20100128085834R:I5503,0 53,0200, 0, 0, 0, 0
20100128090433R:I5503,0 53,0201, 0, 0, 0, 0
20100128090437R:I5503,0 53,0200, 0, 0, 0, 0
20100128090449R:I5503,0 53,0201, 0, 0, 0, 0
20100128090453R:I5503,0 53,0200, 0, 0, 0, 0
20100128090453R:I5503,0 53,0201, 0, 0, 0, 0
20100128090501R:I5503,0 53,0200, 0, 0, 0, 0
20100128090525R:I5503,0 53,0201, 0, 0, 0, 0
20100128090529R:I5503,0 53,0200, 0, 0, 0, 0
20100128090538R:I5503,0 53,0201, 0, 0, 0, 0
20100128090543R:I5503,0 53,0200, 0, 0, 0, 0
20100128090604R:I5503,0 53,0201, 0, 0, 0, 0
20100128090608R:I5503,0 53,0200, 0, 0, 0, 0
20100128090612R:I5503,0 53,0201, 0, 0, 0, 0
20100128090617R:I5503,0 53,0200, 0, 0, 0, 0
20100128090640R:I5503,0 53,0201, 0, 0, 0, 0
20100128090644R:I5503,0 53,0200, 0, 0, 0, 0
20100128090659R:I5503,0 53,0201, 0, 0, 0, 0
20100128090703R:I5503,0 53,0200, 0, 0, 0, 0
20100128090847R:I5503,0 53,0201, 0, 0, 0, 0
20100128090851R:I5503,0 53,0200, 0, 0, 0, 0
20100128091020R:I5503,0 53,0201, 0, 0, 0, 0
20100128091024R:I5503,0 53,0200, 0, 0, 0, 0
20100128091041R:I5503,0 53,0201, 0, 0, 0, 0
20100128091046R:I5503,0 53,0200, 0, 0, 0, 0
20100128091122R:I5503,0 53,0201, 0, 0, 0, 0
20100128091127R:I5503,0 53,0200, 0, 0, 0, 0
20100128091142R:I5503,0 53,0201, 0, 0, 0, 0
20100128091146R:I5503,0 53,0200, 0, 0, 0, 0
20100128091225R:I5503,0 53,0201, 0, 0, 0, 0
20100128091229R:I5503,0 53,0200, 0, 0, 0, 0
20100128091258R:I5503,0 53,0201, 0, 0, 0, 0
20100128091303R:I5503,0 53,0200, 0, 0, 0, 0
20100128091317R:I5503,0 53,0201, 0, 0, 0, 0
20100128091321R:I5503,0 53,0200, 0, 0, 0, 0
20100128091334R:I5503,0 53,0201, 0, 0, 0, 0
20100128091338R:I5503,0 53,0200, 0, 0, 0, 0
20100128091528R:I5503,0 53,0201, 0, 0, 0, 0
20100128091532R:I5503,0 53,0200, 0, 0, 0, 0
20100128091615R:I5503,0 53,0201, 0, 0, 0, 0
20100128091619R:I5503,0 53,0200, 0, 0, 0, 0
20100128091626R:I5503,0 53,0201, 0, 0, 0, 0
20100128091631R:I5503,0 53,0200, 0, 0, 0, 0
20100128091652R:I5503,0 53,0201, 0, 0, 0, 0
20100128091656R:I5503,0 53,0200, 0, 0, 0, 0
20100128091721R:I5503,0 53,0201, 0, 0, 0, 0
20100128091726R:I5503,0 53,0200, 0, 0, 0, 0
20100128091836R:I5503,0 53,0201, 0, 0, 0, 0
20100128091840R:I5503,0 53,0200, 0, 0, 0, 0
20100128091844R:I5503,0 53,0201, 0, 0, 0, 0
20100128091849R:I5503,0 53,0200, 0, 0, 0, 0
20100128091849R:I5503,0 53,0201, 0, 0, 0, 0
20100128091903R:I5503,0 53,0200, 0, 0, 0, 0
20100128092012R:I5503,0 53,0201, 0, 0, 0, 0
20100128092016R:I5503,0 53,0200, 0, 0, 0, 0
20100128092057R:I5503,0 53,0201, 0, 0, 0, 0
20100128092102R:I5503,0 53,0200, 0, 0, 0, 0
20100128092105R:I5503,0 53,0201, 0, 0, 0, 0
20100128092110R:I5503,0 53,0200, 0, 0, 0, 0
20100128092113R:I5503,0 53,0201, 0, 0, 0, 0
20100128092118R:I5503,0 53,0200, 0, 0, 0, 0
20100128092143R:I5503,0 53,0201, 0, 0, 0, 0
20100128092147R:I5503,0 53,0200, 0, 0, 0, 0
20100128092243R:I5503,0 53,0201, 0, 0, 0, 0
20100128092248R:I5503,0 53,0200, 0, 0, 0, 0
20100128092255R:I5503,0 53,0201, 0, 0, 0, 0
20100128092259R:I5503,0 53,0200, 0, 0, 0, 0
20100128092303R:I5503,0 53,0201, 0, 0, 0, 0
20100128092307R:I5503,0 53,0200, 0, 0, 0, 0
20100128092332R:I5503,0 53,0201, 0, 0, 0, 0
20100128092336R:I5503,0 53,0200, 0, 0, 0, 0
20100128092429R:I5503,0 53,0201, 0, 0, 0, 0
20100128092433R:I5503,0 53,0200, 0, 0, 0, 0
20100128092504R:I5503,0 53,0201, 0, 0, 0, 0
20100128092508R:I5503,0 53,0200, 0, 0, 0, 0
20100128092724R:I5503,0 53,0201, 0, 0, 0, 0
20100128092729R:I5503,0 53,0200, 0, 0, 0, 0
20100128092832R:I5503,0 53,0201, 0, 0, 0, 0
20100128092836R:I5503,0 53,0200, 0, 0, 0, 0
20100128092840R:I5503,0 53,0201, 0, 0, 0, 0
20100128092844R:I5503,0 53,0200, 0, 0, 0, 0
20100128092845R:I5503,0 53,0201, 0, 0, 0, 0
20100128092852R:I5503,0 53,0200, 0, 0, 0, 0
20100128093340R:I5503,0 53,0201, 0, 0, 0, 0
20100128093345R:I5503,0 53,0200, 0, 0, 0, 0
20100128093349R:I5503,0 53,0201, 0, 0, 0, 0
20100128093353R:I5503,0 53,0200, 0, 0, 0, 0
20100128093357R:I5503,0 53,0201, 0, 0, 0, 0
20100128093401R:I5503,0 53,0200, 0, 0, 0, 0
20100128093517R:I5503,0 53,0201, 0, 0, 0, 0
20100128093521R:I5503,0 53,0200, 0, 0, 0, 0
20100128093708R:I5503,0 53,0201, 0, 0, 0, 0
20100128093713R:I5503,0 53,0200, 0, 0, 0, 0
20100128093719R:I5503,0 53,0201, 0, 0, 0, 0
20100128093729R:I5503,0 53,0200, 0, 0, 0, 0
20100128093815R:I5503,0 53,0201, 0, 0, 0, 0
20100128093820R:I5503,0 53,0200, 0, 0, 0, 0
20100128093856R:I5503,0 53,0201, 0, 0, 0, 0
20100128093900R:I5503,0 53,0200, 0, 0, 0, 0
20100128094000R:I5503,0 53,0201, 0, 0, 0, 0
20100128094004R:I5503,0 53,0200, 0, 0, 0, 0
20100128094221R:I5503,0 53,0201, 0, 0, 0, 0
20100128094225R:I5503,0 53,0200, 0, 0, 0, 0
20100128094512R:I5503,0 53,0201, 0, 0, 0, 0
20100128094516R:I5503,0 53,0200, 0, 0, 0, 0
20100128094829R:I5503,0 53,0201, 0, 0, 0, 0
20100128094833R:I5503,0 53,0200, 0, 0, 0, 0
20100128094904R:I5503,0 53,0201, 0, 0, 0, 0
20100128094908R:I5503,0 53,0200, 0, 0, 0, 0
20100128095045R:I5503,0 53,0201, 0, 0, 0, 0
20100128095050R:I5503,0 53,0200, 0, 0, 0, 0
20100128095104R:I5503,0 53,0201, 0, 0, 0, 0
20100128095109R:I5503,0 53,0200, 0, 0, 0, 0
20100128095254R:I5503,0 53,0201, 0, 0, 0, 0
20100128095258R:I5503,0 53,0200, 0, 0, 0, 0
20100128095318R:I5503,0 53,0201, 0, 0, 0, 0
20100128095322R:I5503,0 53,0200, 0, 0, 0, 0
20100128095438R:I5503,0 53,0201, 0, 0, 0, 0
20100128095443R:I5503,0 53,0200, 0, 0, 0, 0
20100128095511R:I5503,0 53,0201, 0, 0, 0, 0
20100128095515R:I5503,0 53,0200, 0, 0, 0, 0
20100128095621R:I5503,0 53,0201, 0, 0, 0, 0
20100128095625R:I5503,0 53,0200, 0, 0, 0, 0
20100128095825R:I5503,0 53,0201, 0, 0, 0, 0
20100128095830R:I5503,0 53,0200, 0, 0, 0, 0
20100128095903R:I5503,0 53,0201, 0, 0, 0, 0
20100128095907R:I5503,0 53,0200, 0, 0, 0, 0
20100128095957R:I5503,0 53,0201, 0, 0, 0, 0
20100128100002R:I5503,0 53,0200, 0, 0, 0, 0
20100128100144R:I5503,0 53,0201, 0, 0, 0, 0
20100128100148R:I5503,0 53,0200, 0, 0, 0, 0
20100128100203R:I5503,0 53,0201, 0, 0, 0, 0
20100128100208R:I5503,0 53,0200, 0, 0, 0, 0
20100128100238R:I5503,0 53,0201, 0, 0, 0, 0
20100128100243R:I5503,0 53,0200, 0, 0, 0, 0
20100128100400R:I5503,0 53,0201, 0, 0, 0, 0
20100128100405R:I5503,0 53,0200, 0, 0, 0, 0
20100128100409R:I5503,0 53,0201, 0, 0, 0, 0
20100128100413R:I5503,0 53,0200, 0, 0, 0, 0
20100128100414R:I5503,0 53,0201, 0, 0, 0, 0
20100128100421R:I5503,0 53,0200, 0, 0, 0, 0
20100128100701R:I5503,0 53,0201, 0, 0, 0, 0
20100128100705R:I5503,0 53,0200, 0, 0, 0, 0
20100128100804R:I5503,0 53,0201, 0, 0, 0, 0
20100128100808R:I5503,0 53,0200, 0, 0, 0, 0
20100128101205R:I5503,0 53,0201, 0, 0, 0, 0
20100128101210R:I5503,0 53,0200, 0, 0, 0, 0
20100128101410R:I5503,0 53,0201, 0, 0, 0, 0
20100128101414R:I5503,0 53,0200, 0, 0, 0, 0
20100128101607R:I5503,0 53,0201, 0, 0, 0, 0
20100128101612R:I5503,0 53,0200, 0, 0, 0, 0
20100128101851R:I5503,0 53,0201, 0, 0, 0, 0
20100128101856R:I5503,0 53,0200, 0, 0, 0, 0
20100128101857R:I5503,0 53,0201, 0, 0, 0, 0
20100128101904R:I5503,0 53,0200, 0, 0, 0, 0
20100128101920R:I5503,0 53,0201, 0, 0, 0, 0
20100128101924R:I5503,0 53,0200, 0, 0, 0, 0
20100128102951R:I5503,0 53,0201, 0, 0, 0, 0
20100128102956R:I5503,0 53,0200, 0, 0, 0, 0
20100128103019R:I5503,0 53,0201, 0, 0, 0, 0
20100128103023R:I5503,0 53,0200, 0, 0, 0, 0
20100128103146R:I5503,0 53,0201, 0, 0, 0, 0
20100128103150R:I5503,0 53,0200, 0, 0, 0, 0
20100128103200R:I5503,0 53,0201, 0, 0, 0, 0
20100128103205R:I5503,0 53,0200, 0, 0, 0, 0
20100128103305R:I5503,0 53,0201, 0, 0, 0, 0
20100128103309R:I5503,0 53,0200, 0, 0, 0, 0
20100128103435R:I5503,0 53,0201, 0, 0, 0, 0
20100128103440R:I5503,0 53,0200, 0, 0, 0, 0
20100128103505R:I5503,0 53,0201, 0, 0, 0, 0
20100128103509R:I5503,0 53,0200, 0, 0, 0, 0
20100128103537R:I5503,0 53,0201, 0, 0, 0, 0
20100128103542R:I5503,0 53,0200, 0, 0, 0, 0
20100128103623R:I5503,0 53,0201, 0, 0, 0, 0
20100128103628R:I5503,0 53,0200, 0, 0, 0, 0
20100128103652R:I5503,0 53,0201, 0, 0, 0, 0
20100128103656R:I5503,0 53,0200, 0, 0, 0, 0
20100128103741R:I5503,0 53,0201, 0, 0, 0, 0
20100128103745R:I5503,0 53,0200, 0, 0, 0, 0
20100128103805R:I5503,0 53,0201, 0, 0, 0, 0
20100128103809R:I5503,0 53,0200, 0, 0, 0, 0
20100128104036R:I5503,0 53,0201, 0, 0, 0, 0
20100128104041R:I5503,0 53,0200, 0, 0, 0, 0
20100128104057R:I5503,0 53,0201, 0, 0, 0, 0
20100128104101R:I5503,0 53,0200, 0, 0, 0, 0
20100128104212R:I5503,0 53,0201, 0, 0, 0, 0
20100128104217R:I5503,0 53,0200, 0, 0, 0, 0
20100128104233R:I5503,0 53,0201, 0, 0, 0, 0
20100128104238R:I5503,0 53,0200, 0, 0, 0, 0
20100128104318R:I5503,0 53,0201, 0, 0, 0, 0
20100128104322R:I5503,0 53,0200, 0, 0, 0, 0
20100128104448R:I5503,0 53,0201, 0, 0, 0, 0
20100128104453R:I5503,0 53,0200, 0, 0, 0, 0
20100128104456R:I5503,0 53,0201, 0, 0, 0, 0
20100128104501R:I5503,0 53,0200, 0, 0, 0, 0
20100128104559R:I5503,0 53,0201, 0, 0, 0, 0
20100128104604R:I5503,0 53,0200, 0, 0, 0, 0
20100128104618R:I5503,0 53,0201, 0, 0, 0, 0
20100128104622R:I5503,0 53,0200, 0, 0, 0, 0
20100128104702R:I5503,0 53,0201, 0, 0, 0, 0
20100128104706R:I5503,0 53,0200, 0, 0, 0, 0
20100128104802R:I5503,0 53,0201, 0, 0, 0, 0
20100128104806R:I5503,0 53,0200, 0, 0, 0, 0
20100128104922R:I5503,0 53,0201, 0, 0, 0, 0
20100128104926R:I5503,0 53,0200, 0, 0, 0, 0
20100128105012R:I5503,0 53,0201, 0, 0, 0, 0
20100128105016R:I5503,0 53,0200, 0, 0, 0, 0
20100128105100R:I5503,0 53,0201, 0, 0, 0, 0
20100128105104R:I5503,0 53,0200, 0, 0, 0, 0
20100128105317R:I5503,0 53,0201, 0, 0, 0, 0
20100128105322R:I5503,0 53,0200, 0, 0, 0, 0
20100128105412R:I5503,0 53,0201, 0, 0, 0, 0
20100128105416R:I5503,0 53,0200, 0, 0, 0, 0
20100128105507R:I5503,0 53,0201, 0, 0, 0, 0
20100128105512R:I5503,0 53,0200, 0, 0, 0, 0
20100128105649R:I5503,0 53,0201, 0, 0, 0, 0
20100128105654R:I5503,0 53,0200, 0, 0, 0, 0
20100128105850R:I5503,0 53,0201, 0, 0, 0, 0
20100128105855R:I5503,0 53,0200, 0, 0, 0, 0
20100128110236R:I5503,0 53,0201, 0, 0, 0, 0
20100128110240R:I5503,0 53,0200, 0, 0, 0, 0
20100128110258R:I5503,0 53,0201, 0, 0, 0, 0
20100128110303R:I5503,0 53,0200, 0, 0, 0, 0
20100128110513R:I5503,0 53,0201, 0, 0, 0, 0
20100128110517R:I5503,0 53,0200, 0, 0, 0, 0
20100128110527R:I5503,0 53,0201, 0, 0, 0, 0
20100128110531R:I5503,0 53,0200, 0, 0, 0, 0
20100128110743R:I5503,0 53,0201, 0, 0, 0, 0
20100128110748R:I5503,0 53,0200, 0, 0, 0, 0
20100128110800R:I5503,0 53,0201, 0, 0, 0, 0
20100128110804R:I5503,0 53,0200, 0, 0, 0, 0
20100128110918R:I5503,0 53,0201, 0, 0, 0, 0
20100128110923R:I5503,0 53,0200, 0, 0, 0, 0
20100128111602R:I5503,0 53,0201, 0, 0, 0, 0
20100128111606R:I5503,0 53,0200, 0, 0, 0, 0
20100128111620R:I5503,0 53,0201, 0, 0, 0, 0
20100128111625R:I5503,0 53,0200, 0, 0, 0, 0
20100128111655R:I5503,0 53,0201, 0, 0, 0, 0
20100128111659R:I5503,0 53,0200, 0, 0, 0, 0
20100128111807R:I5503,0 53,0201, 0, 0, 0, 0
20100128111812R:I5503,0 53,0200, 0, 0, 0, 0
20100128111914R:I5503,0 53,0201, 0, 0, 0, 0
20100128111918R:I5503,0 53,0200, 0, 0, 0, 0
20100128112435R:I5503,0 53,0201, 0, 0, 0, 0
20100128112439R:I5503,0 53,0200, 0, 0, 0, 0
20100128112729R:I5503,0 53,0201, 0, 0, 0, 0
20100128112734R:I5503,0 53,0200, 0, 0, 0, 0
20100128112746R:I5503,0 53,0201, 0, 0, 0, 0
20100128112750R:I5503,0 53,0200, 0, 0, 0, 0
20100128112835R:I5503,0 53,0201, 0, 0, 0, 0
20100128112839R:I5503,0 53,0200, 0, 0, 0, 0
20100128112914R:I5503,0 53,0201, 0, 0, 0, 0
20100128112918R:I5503,0 53,0200, 0, 0, 0, 0
20100128113059R:I5503,0 53,0201, 0, 0, 0, 0
20100128113103R:I5503,0 53,0200, 0, 0, 0, 0
20100128113541R:I5503,0 53,0201, 0, 0, 0, 0
20100128113546R:I5503,0 53,0200, 0, 0, 0, 0
20100128113627R:I5503,0 53,0201, 0, 0, 0, 0
20100128113631R:I5503,0 53,0200, 0, 0, 0, 0
20100128113747R:I5503,0 53,0201, 0, 0, 0, 0
20100128113751R:I5503,0 53,0200, 0, 0, 0, 0
20100128113756R:I5503,0 53,0201, 0, 0, 0, 0
20100128113801R:I5503,0 53,0200, 0, 0, 0, 0
20100128114005R:I5503,0 53,0201, 0, 0, 0, 0
20100128114009R:I5503,0 53,0200, 0, 0, 0, 0
20100128114156R:I5503,0 53,0201, 0, 0, 0, 0
20100128114200R:I5503,0 53,0200, 0, 0, 0, 0
20100128114409R:I5503,0 53,0201, 0, 0, 0, 0
20100128114414R:I5503,0 53,0200, 0, 0, 0, 0
20100128114535R:I5503,0 53,0201, 0, 0, 0, 0
20100128114539R:I5503,0 53,0200, 0, 0, 0, 0
20100128114742R:I5503,0 53,0201, 0, 0, 0, 0
20100128114746R:I5503,0 53,0200, 0, 0, 0, 0
20100128114845R:I5503,0 53,0201, 0, 0, 0, 0
20100128114849R:I5503,0 53,0200, 0, 0, 0, 0
20100128115115R:I5503,0 53,0201, 0, 0, 0, 0
20100128115120R:I5503,0 53,0200, 0, 0, 0, 0
20100128115503R:I5503,0 53,0201, 0, 0, 0, 0
20100128115508R:I5503,0 53,0200, 0, 0, 0, 0
20100128120122R:I5503,0 53,0201, 0, 0, 0, 0
20100128120126R:I5503,0 53,0200, 0, 0, 0, 0
20100128120304R:I5503,0 53,0201, 0, 0, 0, 0
20100128120308R:I5503,0 53,0200, 0, 0, 0, 0
20100128120327R:I5503,0 53,0201, 0, 0, 0, 0
20100128120331R:I5503,0 53,0200, 0, 0, 0, 0
20100128120419R:I5503,0 53,0201, 0, 0, 0, 0
20100128120424R:I5503,0 53,0200, 0, 0, 0, 0
20100128120522R:I5503,0 53,0201, 0, 0, 0, 0
20100128120526R:I5503,0 53,0200, 0, 0, 0, 0
20100128120625R:I5503,0 53,0201, 0, 0, 0, 0
20100128120629R:I5503,0 53,0200, 0, 0, 0, 0
20100128120653R:I5503,0 53,0201, 0, 0, 0, 0
20100128120658R:I5503,0 53,0200, 0, 0, 0, 0
20100128120919R:I5503,0 53,0201, 0, 0, 0, 0
20100128120923R:I5503,0 53,0200, 0, 0, 0, 0
20100128121201R:I5503,0 53,0201, 0, 0, 0, 0
20100128121205R:I5503,0 53,0200, 0, 0, 0, 0
20100128121224R:I5503,0 53,0201, 0, 0, 0, 0
20100128121229R:I5503,0 53,0200, 0, 0, 0, 0
20100128121236R:I5503,0 53,0201, 0, 0, 0, 0
20100128121240R:I5503,0 53,0200, 0, 0, 0, 0
20100128121316R:I5503,0 53,0201, 0, 0, 0, 0
20100128121320R:I5503,0 53,0200, 0, 0, 0, 0
20100128121324R:I5503,0 53,0201, 0, 0, 0, 0
20100128121328R:I5503,0 53,0200, 0, 0, 0, 0
20100128121808R:I5503,0 53,0201, 0, 0, 0, 0
20100128121812R:I5503,0 53,0200, 0, 0, 0, 0
20100128122136R:I5503,0 53,0201, 0, 0, 0, 0
20100128122140R:I5503,0 53,0200, 0, 0, 0, 0
20100128122152R:I5503,0 53,0201, 0, 0, 0, 0
20100128122156R:I5503,0 53,0200, 0, 0, 0, 0
20100128122243R:I5503,0 53,0201, 0, 0, 0, 0
20100128122247R:I5503,0 53,0200, 0, 0, 0, 0
20100128122255R:I5503,0 53,0201, 0, 0, 0, 0
20100128122259R:I5503,0 53,0200, 0, 0, 0, 0
20100128122326R:I5503,0 53,0201, 0, 0, 0, 0
20100128122331R:I5503,0 53,0200, 0, 0, 0, 0
20100128122634R:I5503,0 53,0201, 0, 0, 0, 0
20100128122638R:I5503,0 53,0200, 0, 0, 0, 0
20100128122728R:I5503,0 53,0201, 0, 0, 0, 0
20100128122732R:I5503,0 53,0200, 0, 0, 0, 0
20100128123040R:I5503,0 53,0201, 0, 0, 0, 0
20100128123044R:I5503,0 53,0200, 0, 0, 0, 0
20100128123128R:I5503,0 53,0201, 0, 0, 0, 0
20100128123133R:I5503,0 53,0200, 0, 0, 0, 0
20100128123316R:I5503,0 53,0201, 0, 0, 0, 0
20100128123320R:I5503,0 53,0200, 0, 0, 0, 0
20100128123818R:I5503,0 53,0201, 0, 0, 0, 0
20100128123822R:I5503,0 53,0200, 0, 0, 0, 0
20100128124200R:I5503,0 53,0201, 0, 0, 0, 0
20100128124205R:I5503,0 53,0200, 0, 0, 0, 0
20100128124210R:I5503,0 53,0201, 0, 0, 0, 0
20100128124215R:I5503,0 53,0200, 0, 0, 0, 0
20100128124351R:I5503,0 53,0201, 0, 0, 0, 0
20100128124356R:I5503,0 53,0200, 0, 0, 0, 0
20100128124446R:I5503,0 53,0201, 0, 0, 0, 0
20100128124450R:I5503,0 53,0200, 0, 0, 0, 0
20100128124528R:I5503,0 53,0201, 0, 0, 0, 0
20100128124532R:I5503,0 53,0200, 0, 0, 0, 0
20100128124858R:I5503,0 53,0201, 0, 0, 0, 0
20100128124902R:I5503,0 53,0200, 0, 0, 0, 0
20100128124932R:I5503,0 53,0201, 0, 0, 0, 0
20100128124937R:I5503,0 53,0200, 0, 0, 0, 0
20100128125054R:I5503,0 53,0201, 0, 0, 0, 0
20100128125058R:I5503,0 53,0200, 0, 0, 0, 0
20100128125131R:I5503,0 53,0201, 0, 0, 0, 0
20100128125136R:I5503,0 53,0200, 0, 0, 0, 0
20100128125203R:I5503,0 53,0201, 0, 0, 0, 0
20100128125208R:I5503,0 53,0200, 0, 0, 0, 0
20100128125218R:I5503,0 53,0201, 0, 0, 0, 0
20100128125223R:I5503,0 53,0200, 0, 0, 0, 0
20100128125418R:I5503,0 53,0201, 0, 0, 0, 0
20100128125422R:I5503,0 53,0200, 0, 0, 0, 0
20100128125722R:I5503,0 53,0201, 0, 0, 0, 0
20100128125726R:I5503,0 53,0200, 0, 0, 0, 0
20100128130024R:I5503,0 53,0201, 0, 0, 0, 0
20100128130029R:I5503,0 53,0200, 0, 0, 0, 0
20100128130121R:I5503,0 53,0201, 0, 0, 0, 0
20100128130126R:I5503,0 53,0200, 0, 0, 0, 0
20100128130334R:I5503,0 53,0201, 0, 0, 0, 0
20100128130338R:I5503,0 53,0200, 0, 0, 0, 0
20100128130408R:I5503,0 53,0201, 0, 0, 0, 0
20100128130413R:I5503,0 53,0200, 0, 0, 0, 0
20100128130438R:I5503,0 53,0201, 0, 0, 0, 0
20100128130442R:I5503,0 53,0200, 0, 0, 0, 0
20100128130824R:I5503,0 53,0201, 0, 0, 0, 0
20100128130828R:I5503,0 53,0200, 0, 0, 0, 0
20100128130908R:I5503,0 53,0201, 0, 0, 0, 0
20100128130913R:I5503,0 53,0200, 0, 0, 0, 0
20100128131442R:I5503,0 53,0201, 0, 0, 0, 0
20100128131446R:I5503,0 53,0200, 0, 0, 0, 0
20100128131852R:I5503,0 53,0201, 0, 0, 0, 0
20100128131857R:I5503,0 53,0200, 0, 0, 0, 0
20100128131929R:I5503,0 53,0201, 0, 0, 0, 0
20100128131933R:I5503,0 53,0200, 0, 0, 0, 0
20100128132008R:I5503,0 53,0201, 0, 0, 0, 0
20100128132012R:I5503,0 53,0200, 0, 0, 0, 0
20100128132016R:I5503,0 53,0201, 0, 0, 0, 0
20100128132020R:I5503,0 53,0200, 0, 0, 0, 0
20100128132044R:I5503,0 53,0201, 0, 0, 0, 0
20100128132049R:I5503,0 53,0200, 0, 0, 0, 0
20100128132754R:I5503,0 53,0201, 0, 0, 0, 0
20100128132759R:I5503,0 53,0200, 0, 0, 0, 0
20100128132805R:I5503,0 53,0201, 0, 0, 0, 0
20100128132810R:I5503,0 53,0200, 0, 0, 0, 0
20100128132952R:I5503,0 53,0201, 0, 0, 0, 0
20100128132958R:I5503,0 53,0200, 0, 0, 0, 0
20100128133445R:I5503,0 53,0201, 0, 0, 0, 0
20100128133450R:I5503,0 53,0200, 0, 0, 0, 0
20100128133733R:I5503,0 53,0201, 0, 0, 0, 0
20100128133737R:I5503,0 53,0200, 0, 0, 0, 0
20100128133849R:I5503,0 53,0201, 0, 0, 0, 0
20100128133854R:I5503,0 53,0200, 0, 0, 0, 0
20100128134434R:I5503,0 53,0201, 0, 0, 0, 0
20100128134439R:I5503,0 53,0200, 0, 0, 0, 0
20100128134837R:I5503,0 53,0201, 0, 0, 0, 0
20100128134841R:I5503,0 53,0200, 0, 0, 0, 0
20100128135027R:I5503,0 53,0201, 0, 0, 0, 0
20100128135031R:I5503,0 53,0200, 0, 0, 0, 0
20100128135300R:I5503,0 53,0201, 0, 0, 0, 0
20100128135304R:I5503,0 53,0200, 0, 0, 0, 0
20100128135345R:I5503,0 53,0201, 0, 0, 0, 0
20100128135349R:I5503,0 53,0200, 0, 0, 0, 0
20100128135634R:I5503,0 53,0201, 0, 0, 0, 0
20100128135638R:I5503,0 53,0200, 0, 0, 0, 0
20100128140431R:I5503,0 53,0201, 0, 0, 0, 0
20100128140435R:I5503,0 53,0200, 0, 0, 0, 0
20100128140944R:I5503,0 53,0201, 0, 0, 0, 0
20100128140948R:I5503,0 53,0200, 0, 0, 0, 0
20100128141443R:I5503,0 53,0201, 0, 0, 0, 0
20100128141448R:I5503,0 53,0200, 0, 0, 0, 0
20100128142343R:I5503,0 53,0201, 0, 0, 0, 0
20100128142348R:I5503,0 53,0200, 0, 0, 0, 0
20100128142625R:I5503,0 53,0201, 0, 0, 0, 0
20100128142630R:I5503,0 53,0200, 0, 0, 0, 0
20100128142645R:I5503,0 53,0201, 0, 0, 0, 0
20100128142649R:I5503,0 53,0200, 0, 0, 0, 0
20100128142731R:I5503,0 53,0201, 0, 0, 0, 0
20100128142735R:I5503,0 53,0200, 0, 0, 0, 0
20100128143849R:I5503,0 53,0201, 0, 0, 0, 0
20100128143853R:I5503,0 53,0200, 0, 0, 0, 0
20100128143930R:I5503,0 53,0201, 0, 0, 0, 0
20100128143935R:I5503,0 53,0200, 0, 0, 0, 0
20100128144230R:I5503,0 53,0201, 0, 0, 0, 0
20100128144234R:I5503,0 53,0200, 0, 0, 0, 0
20100128145135R:I5503,0 53,0201, 0, 0, 0, 0
20100128145139R:I5503,0 53,0200, 0, 0, 0, 0
20100128145702R:I5503,0 53,0201, 0, 0, 0, 0
20100128145707R:I5503,0 53,0200, 0, 0, 0, 0
20100128150938R:I5503,0 53,0201, 0, 0, 0, 0
20100128150943R:I5503,0 53,0200, 0, 0, 0, 0
20100128151257R:I5503,0 53,0201, 0, 0, 0, 0
20100128151302R:I5503,0 53,0200, 0, 0, 0, 0
20100128151315R:I5503,0 53,0201, 0, 0, 0, 0
20100128151320R:I5503,0 53,0200, 0, 0, 0, 0
20100128151337R:I5503,0 53,0201, 0, 0, 0, 0
20100128151342R:I5503,0 53,0200, 0, 0, 0, 0
20100128152121R:I5503,0 53,0201, 0, 0, 0, 0
20100128152126R:I5503,0 53,0200, 0, 0, 0, 0
20100128152707R:I5503,0 53,0201, 0, 0, 0, 0
20100128152711R:I5503,0 53,0200, 0, 0, 0, 0
20100128153521R:I5503,0 53,0201, 0, 0, 0, 0
20100128153526R:I5503,0 53,0200, 0, 0, 0, 0
20100128153717R:I5503,0 53,0201, 0, 0, 0, 0
20100128153721R:I5503,0 53,0200, 0, 0, 0, 0
20100128153721R:I5503,0 53,0201, 0, 0, 0, 0
20100128153729R:I5503,0 53,0200, 0, 0, 0, 0
20100128154334R:I5503,0 53,0201, 0, 0, 0, 0
20100128154338R:I5503,0 53,0200, 0, 0, 0, 0
20100128154637R:I5503,0 53,0201, 0, 0, 0, 0
20100128154642R:I5503,0 53,0200, 0, 0, 0, 0
20100128155346R:I5503,0 53,0201, 0, 0, 0, 0
20100128155350R:I5503,0 53,0200, 0, 0, 0, 0
20100128155810R:I5503,0 53,0201, 0, 0, 0, 0
20100128155815R:I5503,0 53,0200, 0, 0, 0, 0
20100128160452R:I5503,0 53,0201, 0, 0, 0, 0
20100128160457R:I5503,0 53,0200, 0, 0, 0, 0
20100128160856R:I5503,0 53,0201, 0, 0, 0, 0
20100128160900R:I5503,0 53,0200, 0, 0, 0, 0
20100128164006R:D55 1,0 53,H|\^&|||ARCHITECT^5.00^Number1^H1P1O1R1C1Q1L1|||||||P|1|20100128163904P|1|||||||UO|1|ar1 ta1|ar1 ta1^G^1|^^^411^Tacrolimus^UNDILUTED^P|R||||||||||||||||||||FR|1|^^^411^Tacrolimus^UNDILUTED^P^74261M100^01039^^F|4.7|ng/mL||EXP||F||||20100128163846|i201517R|2|^^^411^Tacrolimus^UNDILUTED^P^74261M100^01039^^P|482846|RLU||||F||||20100128163846|i201517O|2|ar1 ta1|ar1 ta1^G^1|^^^411^Tacrolimus^UNDILUTED^P|R||||||||||||||||||||FR|1|^^^411^Tacrolimus^UNDILUTED^P^74261M100^01039^^F|4.7|ng/m, 0
20100128164008R:D55 0,0 53,L||EXP||F||||20100128163904|i201517R|2|^^^411^Tacrolimus^UNDILUTED^P^74261M100^01039^^P|478903|RLU||||F||||20100128163904|i201517L|1, 0
20100128164043R:D55 1,0 53,H|\^&|||ARCHITECT^5.00^Number1^H1P1O1R1C1Q1L1|||||||P|1|20100128163940P|1|||||||UO|1|ar1 ta2|ar1 ta2^G^2|^^^411^Tacrolimus^UNDILUTED^P|R||||||||||||||||||||FR|1|^^^411^Tacrolimus^UNDILUTED^P^74261M100^01039^^F|12.0|ng/mL||EXP||F||||20100128163922|i201517R|2|^^^411^Tacrolimus^UNDILUTED^P^74261M100^01039^^P|279802|RLU||||F||||20100128163922|i201517O|2|ar1 ta2|ar1 ta2^G^2|^^^411^Tacrolimus^UNDILUTED^P|R||||||||||||||||||||FR|1|^^^411^Tacrolimus^UNDILUTED^P^74261M100^01039^^F|11.3|ng, 0
20100128164044R:D55 0,0 53,/mL||EXP||F||||20100128163940|i201517R|2|^^^411^Tacrolimus^UNDILUTED^P^74261M100^01039^^P|291478|RLU||||F||||20100128163940|i201517L|1, 0
20100128164119R:D55 1,0 53,H|\^&|||ARCHITECT^5.00^Number1^H1P1O1R1C1Q1L1|||||||P|1|20100128164016P|1|||||||UO|1|ar1 ta3|ar1 ta3^G^3|^^^411^Tacrolimus^UNDILUTED^P|R||||||||||||||||||||FR|1|^^^411^Tacrolimus^UNDILUTED^P^74261M100^01039^^F|21.1|ng/mL||EXP||F||||20100128163958|i201517R|2|^^^411^Tacrolimus^UNDILUTED^P^74261M100^01039^^P|181999|RLU||||F||||20100128163958|i201517O|2|ar1 ta3|ar1 ta3^G^3|^^^411^Tacrolimus^UNDILUTED^P|R||||||||||||||||||||FR|1|^^^411^Tacrolimus^UNDILUTED^P^74261M100^01039^^F|21.5|ng, 0
20100128164120R:D55 0,0 53,/mL||EXP||F||||20100128164016|i201517R|2|^^^411^Tacrolimus^UNDILUTED^P^74261M100^01039^^P|179486|RLU||||F||||20100128164016|i201517L|1, 0
