20100128071905R:A5706,0 62,0,         10019905245, 0
20100128071905S:A5707,0062,00,0,         10019905245,H|\^&||||||||||P|1P|1|||||||M|||||||||||||||||O|1|10019905245||^^^15|R||||||||||||||||||||OL|1|F,00
20100128071909R:A5706,0 62,0,         10019905246, 0
20100128071909S:A5707,0062,00,0,         10019905246,H|\^&||||||||||P|1P|1|||||||M|||||||||||||||||O|1|10019905246||^^^15|R||||||||||||||||||||OL|1|F,00
20100128071914R:A5706,0 62,0,         10019905247, 0
20100128071914S:A5707,0062,00,0,         10019905247,H|\^&||||||||||P|1P|1|||||||M|||||||||||||||||O|1|10019905247||^^^16|R||||||||||||||||||||OL|1|F,00
20100128071919R:A5706,0 62,0,         10019905248, 0
20100128071919S:A5707,0062,00,0,         10019905248,H|\^&||||||||||P|1P|1|||||||M|||||||||||||||||O|1|10019905248||^^^16|R||||||||||||||||||||OL|1|F,00
20100128073752R:D57 0,0 62,H|\^&|||NG_LIS|||||LIS_ID||P|1P|1|||||||MO|1|10019905245||^^^15|R||||||||||||||||||||FR|1|^^^15^^^1^INTR|NR|||<||F||||20100128070945R|2|^^^15^^^1^DOSE|< 1|mIU/mL||<||F||||20100128070945R|3|^^^15^^^1^INDX|< 0.100|||<||F||||20100128070945R|4|^^^15^^^1^COFF|10|mIU/mL||<||F||||20100128070945R|5|^^^15^^^1^RLU|11959|||<||F||||20100128070945L|1, 0
20100128073821R:D57 0,0 62,H|\^&|||NG_LIS|||||LIS_ID||P|1P|1|||||||MO|1|10019905246||^^^15|R||||||||||||||||||||FR|1|^^^15^^^1^INTR|React|||||F||||20100128071015R|2|^^^15^^^1^DOSE|113|mIU/mL||||F||||20100128071015R|3|^^^15^^^1^INDX|11.310|||||F||||20100128071015R|4|^^^15^^^1^COFF|10|mIU/mL||||F||||20100128071015R|5|^^^15^^^1^RLU|318994|||||F||||20100128071015L|1, 0
20100128074231R:I5703,0 62,0101, 0, 0, 0, 0
20100128074233R:A5710,0 62,  00000125,10, 0, 0, 0
20100128074239R:I5703,0 62,0100, 0, 0, 0, 0
20100128074300R:I5703,0 62,0101, 0, 0, 0, 0
20100128074302R:A5710,0 62,  00001272,10, 0, 0, 0
20100128074308R:I5703,0 62,0100, 0, 0, 0, 0
20100128074444R:I5703,0 62,0101, 0, 0, 0, 0
20100128074446R:A5710,0 62,  00001268,10, 0, 0, 0
20100128074452R:I5703,0 62,0100, 0, 0, 0, 0
20100128074755R:I5703,0 62,0101, 0, 0, 0, 0
20100128074756R:A5710,0 62,  00000007,10, 0, 0, 0
20100128074802R:I5703,0 62,0100, 0, 0, 0, 0
20100128074845R:I5703,0 62,0101, 0, 0, 0, 0
20100128074847R:A5710,0 62,  00000183,10, 0, 0, 0
20100128074853R:I5703,0 62,0100, 0, 0, 0, 0
20100128074914R:I5703,0 62,0101, 0, 0, 0, 0
20100128074915R:A5710,0 62,  00000132,10, 0, 0, 0
20100128074921R:I5703,0 62,0100, 0, 0, 0, 0
20100128075051R:I5703,0 62,0101, 0, 0, 0, 0
20100128075052R:A5710,0 62,  00000155,10, 0, 0, 0
20100128075058R:I5703,0 62,0100, 0, 0, 0, 0
20100128080318R:I5703,0 62,0101, 0, 0, 0, 0
20100128080319R:A5710,0 62,  00001258,10, 0, 0, 0
20100128080325R:I5703,0 62,0100, 0, 0, 0, 0
20100128080434R:I5703,0 62,0101, 0, 0, 0, 0
20100128080436R:A5710,0 62,  00001130,10, 0, 0, 0
20100128080442R:I5703,0 62,0100, 0, 0, 0, 0
20100128080528R:I5703,0 62,0101, 0, 0, 0, 0
20100128080530R:A5710,0 62,  00001134,10, 0, 0, 0
20100128080536R:I5703,0 62,0100, 0, 0, 0, 0
20100128080933R:I5703,0 62,0101, 0, 0, 0, 0
20100128080935R:A5710,0 62,  00001219,10, 0, 0, 0
20100128080941R:I5703,0 62,0100, 0, 0, 0, 0
20100128081058R:I5703,0 62,0101, 0, 0, 0, 0
20100128081100R:A5710,0 62,  00000094,10, 0, 0, 0
20100128081106R:I5703,0 62,0100, 0, 0, 0, 0
20100128081204R:I5703,0 62,0101, 0, 0, 0, 0
20100128081205R:A5710,0 62,  00001032,10, 0, 0, 0
20100128081212R:I5703,0 62,0100, 0, 0, 0, 0
20100128081752R:D57 0,0 62,H|\^&|||NG_LIS|||||LIS_ID||P|1P|1|||||||MO|1|10019905247||^^^16|R||||||||||||||||||||FR|1|^^^16^^^1^INTR|NR|||<||F||||20100128074945R|2|^^^16^^^1^INDX|< 0.02|||<||F||||20100128074945R|3|^^^16^^^1^COFF|1.00|Index||<||F||||20100128074945R|4|^^^16^^^1^RLU|14619|||<||F||||20100128074945L|1, 0
20100128081821R:D57 0,0 62,H|\^&|||NG_LIS|||||LIS_ID||P|1P|1|||||||MO|1|10019905248||^^^16|R||||||||||||||||||||FR|1|^^^16^^^1^INTR|React|||||F||||20100128075015C|1|I|Above Check|IR|2|^^^16^^^1^INDX|2.00|||||F||||20100128075015C|1|I|Above Check|IR|3|^^^16^^^1^COFF|1.00|Index||||F||||20100128075015C|1|I|Above Check|IR|4|^^^16^^^1^RLU|387327|||||F||||20100128075015C|1|I|Above Check|IL|1, 0
20100128081849R:I5703,0 62,0101, 0, 0, 0, 0
20100128081851R:A5710,0 62,  00001182,10, 0, 0, 0
20100128081857R:I5703,0 62,0100, 0, 0, 0, 0
20100128082128R:I5703,0 62,0101, 0, 0, 0, 0
20100128082129R:A5710,0 62,  00001206,10, 0, 0, 0
20100128082135R:I5703,0 62,0100, 0, 0, 0, 0
20100128082453R:I5703,0 62,0200, 0, 0, 0, 0
20100128082453R:I5703,0 62,0200, 0, 0, 0, 0
20100128082454R:I5703,0 62,0200, 0, 0, 0, 0
20100128082519R:I5703,0 62,0201, 0, 0, 0, 0
20100128082523R:I5703,0 62,0200, 0, 0, 0, 0
20100128082557R:I5703,0 62,0201, 0, 0, 0, 0
20100128082601R:I5703,0 62,0200, 0, 0, 0, 0
20100128082742R:I5703,0 62,0201, 0, 0, 0, 0
20100128082746R:I5703,0 62,0200, 0, 0, 0, 0
20100128082910R:I5703,0 62,0201, 0, 0, 0, 0
20100128082915R:I5703,0 62,0200, 0, 0, 0, 0
20100128083105R:I5703,0 62,0201, 0, 0, 0, 0
20100128083109R:I5703,0 62,0200, 0, 0, 0, 0
20100128083645R:I5703,0 62,0201, 0, 0, 0, 0
20100128083649R:I5703,0 62,0200, 0, 0, 0, 0
20100128083711R:I5703,0 62,0201, 0, 0, 0, 0
20100128083715R:I5703,0 62,0200, 0, 0, 0, 0
20100128083739R:I5703,0 62,0201, 0, 0, 0, 0
20100128083743R:I5703,0 62,0200, 0, 0, 0, 0
20100128083959R:I5703,0 62,0201, 0, 0, 0, 0
20100128084004R:I5703,0 62,0200, 0, 0, 0, 0
20100128084052R:I5703,0 62,0201, 0, 0, 0, 0
20100128084056R:I5703,0 62,0200, 0, 0, 0, 0
20100128084105R:I5703,0 62,0201, 0, 0, 0, 0
20100128084110R:I5703,0 62,0200, 0, 0, 0, 0
20100128084116R:I5703,0 62,0201, 0, 0, 0, 0
20100128084120R:I5703,0 62,0200, 0, 0, 0, 0
20100128084206R:I5703,0 62,0201, 0, 0, 0, 0
20100128084210R:I5703,0 62,0200, 0, 0, 0, 0
20100128084253R:I5703,0 62,0201, 0, 0, 0, 0
20100128084257R:I5703,0 62,0200, 0, 0, 0, 0
20100128084352R:I5703,0 62,0201, 0, 0, 0, 0
20100128084357R:I5703,0 62,0200, 0, 0, 0, 0
20100128084403R:I5703,0 62,0201, 0, 0, 0, 0
20100128084407R:I5703,0 62,0200, 0, 0, 0, 0
20100128084413R:I5703,0 62,0201, 0, 0, 0, 0
20100128084417R:I5703,0 62,0200, 0, 0, 0, 0
20100128084656R:I5703,0 62,0201, 0, 0, 0, 0
20100128084700R:I5703,0 62,0200, 0, 0, 0, 0
20100128084935R:I5703,0 62,0201, 0, 0, 0, 0
20100128084939R:I5703,0 62,0200, 0, 0, 0, 0
20100128085016R:I5703,0 62,0201, 0, 0, 0, 0
20100128085020R:I5703,0 62,0200, 0, 0, 0, 0
20100128085213R:I5703,0 62,0201, 0, 0, 0, 0
20100128085217R:I5703,0 62,0200, 0, 0, 0, 0
20100128085507R:I5703,0 62,0201, 0, 0, 0, 0
20100128085511R:I5703,0 62,0200, 0, 0, 0, 0
20100128085517R:I5703,0 62,0201, 0, 0, 0, 0
20100128085521R:I5703,0 62,0200, 0, 0, 0, 0
20100128085707R:I5703,0 62,0201, 0, 0, 0, 0
20100128085711R:I5703,0 62,0200, 0, 0, 0, 0
20100128085939R:I5703,0 62,0201, 0, 0, 0, 0
20100128085943R:I5703,0 62,0200, 0, 0, 0, 0
20100128090008R:I5703,0 62,0201, 0, 0, 0, 0
20100128090013R:I5703,0 62,0200, 0, 0, 0, 0
20100128090135R:I5703,0 62,0201, 0, 0, 0, 0
20100128090139R:I5703,0 62,0200, 0, 0, 0, 0
20100128090151R:I5703,0 62,0201, 0, 0, 0, 0
20100128090155R:I5703,0 62,0200, 0, 0, 0, 0
20100128090241R:I5703,0 62,0201, 0, 0, 0, 0
20100128090245R:I5703,0 62,0200, 0, 0, 0, 0
20100128090512R:I5703,0 62,0201, 0, 0, 0, 0
20100128090516R:I5703,0 62,0200, 0, 0, 0, 0
20100128090527R:I5703,0 62,0201, 0, 0, 0, 0
20100128090531R:I5703,0 62,0200, 0, 0, 0, 0
20100128090537R:I5703,0 62,0201, 0, 0, 0, 0
20100128090541R:I5703,0 62,0200, 0, 0, 0, 0
20100128090703R:I5703,0 62,0201, 0, 0, 0, 0
20100128090707R:I5703,0 62,0200, 0, 0, 0, 0
20100128090726R:I5703,0 62,0201, 0, 0, 0, 0
20100128090731R:I5703,0 62,0200, 0, 0, 0, 0
20100128090819R:I5703,0 62,0201, 0, 0, 0, 0
20100128090823R:I5703,0 62,0200, 0, 0, 0, 0
20100128090903R:I5703,0 62,0201, 0, 0, 0, 0
20100128090907R:I5703,0 62,0200, 0, 0, 0, 0
20100128090935R:I5703,0 62,0201, 0, 0, 0, 0
20100128090939R:I5703,0 62,0200, 0, 0, 0, 0
20100128090945R:I5703,0 62,0201, 0, 0, 0, 0
20100128090949R:I5703,0 62,0200, 0, 0, 0, 0
20100128090955R:I5703,0 62,0201, 0, 0, 0, 0
20100128091000R:I5703,0 62,0200, 0, 0, 0, 0
20100128091011R:I5703,0 62,0201, 0, 0, 0, 0
20100128091015R:I5703,0 62,0200, 0, 0, 0, 0
20100128091141R:I5703,0 62,0201, 0, 0, 0, 0
20100128091146R:I5703,0 62,0200, 0, 0, 0, 0
20100128091303R:I5703,0 62,0201, 0, 0, 0, 0
20100128091307R:I5703,0 62,0200, 0, 0, 0, 0
20100128091329R:I5703,0 62,0201, 0, 0, 0, 0
20100128091333R:I5703,0 62,0200, 0, 0, 0, 0
20100128091427R:I5703,0 62,0201, 0, 0, 0, 0
20100128091431R:I5703,0 62,0200, 0, 0, 0, 0
20100128091531R:I5703,0 62,0201, 0, 0, 0, 0
20100128091535R:I5703,0 62,0200, 0, 0, 0, 0
20100128091541R:I5703,0 62,0201, 0, 0, 0, 0
20100128091545R:I5703,0 62,0200, 0, 0, 0, 0
20100128091631R:I5703,0 62,0201, 0, 0, 0, 0
20100128091635R:I5703,0 62,0200, 0, 0, 0, 0
20100128091743R:I5703,0 62,0201, 0, 0, 0, 0
20100128091747R:I5703,0 62,0200, 0, 0, 0, 0
20100128091753R:I5703,0 62,0201, 0, 0, 0, 0
20100128091757R:I5703,0 62,0200, 0, 0, 0, 0
20100128091819R:I5703,0 62,0201, 0, 0, 0, 0
20100128091824R:I5703,0 62,0200, 0, 0, 0, 0
20100128091830R:I5703,0 62,0201, 0, 0, 0, 0
20100128091834R:I5703,0 62,0200, 0, 0, 0, 0
20100128091904R:I5703,0 62,0201, 0, 0, 0, 0
20100128091909R:I5703,0 62,0200, 0, 0, 0, 0
20100128091932R:I5703,0 62,0201, 0, 0, 0, 0
20100128091936R:I5703,0 62,0200, 0, 0, 0, 0
20100128091952R:I5703,0 62,0201, 0, 0, 0, 0
20100128091957R:I5703,0 62,0200, 0, 0, 0, 0
20100128092009R:I5703,0 62,0201, 0, 0, 0, 0
20100128092013R:I5703,0 62,0200, 0, 0, 0, 0
20100128092028R:I5703,0 62,0201, 0, 0, 0, 0
20100128092032R:I5703,0 62,0200, 0, 0, 0, 0
20100128092038R:I5703,0 62,0201, 0, 0, 0, 0
20100128092042R:I5703,0 62,0200, 0, 0, 0, 0
20100128092106R:I5703,0 62,0201, 0, 0, 0, 0
20100128092110R:I5703,0 62,0200, 0, 0, 0, 0
20100128092257R:I5703,0 62,0201, 0, 0, 0, 0
20100128092301R:I5703,0 62,0200, 0, 0, 0, 0
20100128092340R:I5703,0 62,0201, 0, 0, 0, 0
20100128092344R:I5703,0 62,0200, 0, 0, 0, 0
20100128092437R:I5703,0 62,0201, 0, 0, 0, 0
20100128092441R:I5703,0 62,0200, 0, 0, 0, 0
20100128092447R:I5703,0 62,0201, 0, 0, 0, 0
20100128092451R:I5703,0 62,0200, 0, 0, 0, 0
20100128092452R:D57 0,0 62,H|\^&|||NG_LIS|||||LIS_ID||P|1P|1|||||||UO|1|H||^^^16|R||||||||||||||||||||FR|1|^^^16^^^1^INTR|React|||||F||||20100128085645C|1|I|Above Check|IR|2|^^^16^^^1^INDX|2.16|||||F||||20100128085645C|1|I|Above Check|IR|3|^^^16^^^1^COFF|1.00|Index||||F||||20100128085645C|1|I|Above Check|IR|4|^^^16^^^1^RLU|413612|||||F||||20100128085645C|1|I|Above Check|IL|1, 0
20100128092524R:I5703,0 62,0201, 0, 0, 0, 0
20100128092528R:I5703,0 62,0200, 0, 0, 0, 0
20100128092601R:I5703,0 62,0201, 0, 0, 0, 0
20100128092606R:I5703,0 62,0200, 0, 0, 0, 0
20100128092921R:I5703,0 62,0201, 0, 0, 0, 0
20100128092925R:I5703,0 62,0200, 0, 0, 0, 0
20100128093141R:I5703,0 62,0201, 0, 0, 0, 0
20100128093145R:I5703,0 62,0200, 0, 0, 0, 0
20100128093154R:I5703,0 62,0201, 0, 0, 0, 0
20100128093158R:I5703,0 62,0200, 0, 0, 0, 0
20100128093345R:I5703,0 62,0201, 0, 0, 0, 0
20100128093349R:I5703,0 62,0200, 0, 0, 0, 0
20100128093355R:I5703,0 62,0201, 0, 0, 0, 0
20100128093400R:I5703,0 62,0200, 0, 0, 0, 0
20100128093406R:I5703,0 62,0201, 0, 0, 0, 0
20100128093410R:I5703,0 62,0200, 0, 0, 0, 0
20100128093532R:I5703,0 62,0201, 0, 0, 0, 0
20100128093537R:I5703,0 62,0200, 0, 0, 0, 0
20100128093658R:I5703,0 62,0201, 0, 0, 0, 0
20100128093702R:I5703,0 62,0200, 0, 0, 0, 0
20100128093857R:I5703,0 62,0201, 0, 0, 0, 0
20100128093902R:I5703,0 62,0200, 0, 0, 0, 0
20100128094000R:I5703,0 62,0201, 0, 0, 0, 0
20100128094005R:I5703,0 62,0200, 0, 0, 0, 0
20100128094506R:I5703,0 62,0201, 0, 0, 0, 0
20100128094510R:I5703,0 62,0200, 0, 0, 0, 0
20100128094541R:I5703,0 62,0201, 0, 0, 0, 0
20100128094545R:I5703,0 62,0200, 0, 0, 0, 0
20100128094600R:I5703,0 62,0201, 0, 0, 0, 0
20100128094605R:I5703,0 62,0200, 0, 0, 0, 0
20100128094741R:I5703,0 62,0201, 0, 0, 0, 0
20100128094745R:I5703,0 62,0200, 0, 0, 0, 0
20100128094843R:I5703,0 62,0201, 0, 0, 0, 0
20100128094847R:I5703,0 62,0200, 0, 0, 0, 0
20100128094853R:I5703,0 62,0201, 0, 0, 0, 0
20100128094858R:I5703,0 62,0200, 0, 0, 0, 0
20100128094904R:I5703,0 62,0201, 0, 0, 0, 0
20100128094908R:I5703,0 62,0200, 0, 0, 0, 0
20100128094954R:I5703,0 62,0201, 0, 0, 0, 0
20100128094959R:I5703,0 62,0200, 0, 0, 0, 0
20100128095115R:I5703,0 62,0201, 0, 0, 0, 0
20100128095119R:I5703,0 62,0200, 0, 0, 0, 0
20100128095147R:I5703,0 62,0201, 0, 0, 0, 0
20100128095152R:I5703,0 62,0200, 0, 0, 0, 0
20100128095257R:I5703,0 62,0201, 0, 0, 0, 0
20100128095302R:I5703,0 62,0200, 0, 0, 0, 0
20100128095335R:I5703,0 62,0201, 0, 0, 0, 0
20100128095339R:I5703,0 62,0200, 0, 0, 0, 0
20100128095358R:I5703,0 62,0201, 0, 0, 0, 0
20100128095402R:I5703,0 62,0200, 0, 0, 0, 0
20100128095427R:I5703,0 62,0201, 0, 0, 0, 0
20100128095431R:I5703,0 62,0200, 0, 0, 0, 0
20100128095502R:I5703,0 62,0201, 0, 0, 0, 0
20100128095506R:I5703,0 62,0200, 0, 0, 0, 0
20100128095540R:I5703,0 62,0201, 0, 0, 0, 0
20100128095544R:I5703,0 62,0200, 0, 0, 0, 0
20100128095634R:I5703,0 62,0201, 0, 0, 0, 0
20100128095638R:I5703,0 62,0200, 0, 0, 0, 0
20100128095726R:I5703,0 62,0201, 0, 0, 0, 0
20100128095730R:I5703,0 62,0200, 0, 0, 0, 0
20100128095805R:I5703,0 62,0201, 0, 0, 0, 0
20100128095809R:I5703,0 62,0200, 0, 0, 0, 0
20100128095815R:I5703,0 62,0201, 0, 0, 0, 0
20100128095820R:I5703,0 62,0200, 0, 0, 0, 0
20100128095826R:I5703,0 62,0201, 0, 0, 0, 0
20100128095830R:I5703,0 62,0200, 0, 0, 0, 0
20100128100046R:I5703,0 62,0201, 0, 0, 0, 0
20100128100050R:I5703,0 62,0200, 0, 0, 0, 0
20100128100056R:I5703,0 62,0201, 0, 0, 0, 0
20100128100100R:I5703,0 62,0200, 0, 0, 0, 0
20100128100106R:I5703,0 62,0201, 0, 0, 0, 0
20100128100110R:I5703,0 62,0200, 0, 0, 0, 0
20100128100116R:I5703,0 62,0201, 0, 0, 0, 0
20100128100120R:I5703,0 62,0200, 0, 0, 0, 0
20100128100337R:I5703,0 62,0201, 0, 0, 0, 0
20100128100342R:I5703,0 62,0200, 0, 0, 0, 0
20100128100349R:I5703,0 62,0201, 0, 0, 0, 0
20100128100354R:I5703,0 62,0200, 0, 0, 0, 0
20100128100441R:I5703,0 62,0201, 0, 0, 0, 0
20100128100445R:I5703,0 62,0200, 0, 0, 0, 0
20100128100459R:I5703,0 62,0201, 0, 0, 0, 0
20100128100503R:I5703,0 62,0200, 0, 0, 0, 0
20100128100934R:I5703,0 62,0201, 0, 0, 0, 0
20100128100939R:I5703,0 62,0200, 0, 0, 0, 0
20100128101047R:I5703,0 62,0201, 0, 0, 0, 0
20100128101051R:I5703,0 62,0200, 0, 0, 0, 0
20100128101253R:I5703,0 62,0201, 0, 0, 0, 0
20100128101257R:I5703,0 62,0200, 0, 0, 0, 0
20100128101528R:I5703,0 62,0201, 0, 0, 0, 0
20100128101532R:I5703,0 62,0200, 0, 0, 0, 0
20100128101538R:I5703,0 62,0201, 0, 0, 0, 0
20100128101542R:I5703,0 62,0200, 0, 0, 0, 0
20100128101718R:I5703,0 62,0201, 0, 0, 0, 0
20100128101722R:I5703,0 62,0200, 0, 0, 0, 0
20100128102324R:I5703,0 62,0201, 0, 0, 0, 0
20100128102328R:I5703,0 62,0200, 0, 0, 0, 0
20100128102656R:I5703,0 62,0201, 0, 0, 0, 0
20100128102700R:I5703,0 62,0200, 0, 0, 0, 0
20100128102822R:I5703,0 62,0201, 0, 0, 0, 0
20100128102826R:I5703,0 62,0200, 0, 0, 0, 0
20100128102900R:I5703,0 62,0201, 0, 0, 0, 0
20100128102904R:I5703,0 62,0200, 0, 0, 0, 0
20100128103142R:I5703,0 62,0201, 0, 0, 0, 0
20100128103146R:I5703,0 62,0200, 0, 0, 0, 0
20100128103152R:I5703,0 62,0201, 0, 0, 0, 0
20100128103156R:I5703,0 62,0200, 0, 0, 0, 0
20100128103242R:I5703,0 62,0201, 0, 0, 0, 0
20100128103246R:I5703,0 62,0200, 0, 0, 0, 0
20100128103300R:I5703,0 62,0201, 0, 0, 0, 0
20100128103304R:I5703,0 62,0200, 0, 0, 0, 0
20100128103312R:I5703,0 62,0201, 0, 0, 0, 0
20100128103316R:I5703,0 62,0200, 0, 0, 0, 0
20100128103542R:I5703,0 62,0201, 0, 0, 0, 0
20100128103546R:I5703,0 62,0200, 0, 0, 0, 0
20100128103713R:I5703,0 62,0201, 0, 0, 0, 0
20100128103717R:I5703,0 62,0200, 0, 0, 0, 0
20100128103742R:I5703,0 62,0201, 0, 0, 0, 0
20100128103746R:I5703,0 62,0200, 0, 0, 0, 0
20100128103849R:I5703,0 62,0201, 0, 0, 0, 0
20100128103853R:I5703,0 62,0200, 0, 0, 0, 0
20100128103933R:I5703,0 62,0201, 0, 0, 0, 0
20100128103937R:I5703,0 62,0200, 0, 0, 0, 0
20100128103955R:I5703,0 62,0201, 0, 0, 0, 0
20100128103959R:I5703,0 62,0200, 0, 0, 0, 0
20100128104042R:I5703,0 62,0201, 0, 0, 0, 0
20100128104046R:I5703,0 62,0200, 0, 0, 0, 0
20100128104257R:I5703,0 62,0201, 0, 0, 0, 0
20100128104301R:I5703,0 62,0200, 0, 0, 0, 0
20100128104422R:I5703,0 62,0201, 0, 0, 0, 0
20100128104426R:I5703,0 62,0200, 0, 0, 0, 0
20100128104438R:I5703,0 62,0201, 0, 0, 0, 0
20100128104442R:I5703,0 62,0200, 0, 0, 0, 0
20100128104512R:I5703,0 62,0201, 0, 0, 0, 0
20100128104516R:I5703,0 62,0200, 0, 0, 0, 0
20100128104649R:I5703,0 62,0201, 0, 0, 0, 0
20100128104653R:I5703,0 62,0200, 0, 0, 0, 0
20100128104737R:I5703,0 62,0201, 0, 0, 0, 0
20100128104741R:I5703,0 62,0200, 0, 0, 0, 0
20100128105144R:I5703,0 62,0201, 0, 0, 0, 0
20100128105148R:I5703,0 62,0200, 0, 0, 0, 0
20100128105219R:I5703,0 62,0201, 0, 0, 0, 0
20100128105223R:I5703,0 62,0200, 0, 0, 0, 0
20100128105242R:I5703,0 62,0201, 0, 0, 0, 0
20100128105246R:I5703,0 62,0200, 0, 0, 0, 0
20100128105518R:I5703,0 62,0201, 0, 0, 0, 0
20100128105522R:I5703,0 62,0200, 0, 0, 0, 0
20100128105539R:I5703,0 62,0201, 0, 0, 0, 0
20100128105544R:I5703,0 62,0200, 0, 0, 0, 0
20100128105913R:I5703,0 62,0201, 0, 0, 0, 0
20100128105917R:I5703,0 62,0200, 0, 0, 0, 0
20100128105950R:I5703,0 62,0201, 0, 0, 0, 0
20100128105954R:I5703,0 62,0200, 0, 0, 0, 0
20100128110149R:I5703,0 62,0201, 0, 0, 0, 0
20100128110153R:I5703,0 62,0200, 0, 0, 0, 0
20100128110204R:I5703,0 62,0201, 0, 0, 0, 0
20100128110208R:I5703,0 62,0200, 0, 0, 0, 0
20100128110229R:I5703,0 62,0201, 0, 0, 0, 0
20100128110233R:I5703,0 62,0200, 0, 0, 0, 0
20100128110239R:I5703,0 62,0201, 0, 0, 0, 0
20100128110243R:I5703,0 62,0200, 0, 0, 0, 0
20100128110437R:I5703,0 62,0201, 0, 0, 0, 0
20100128110441R:I5703,0 62,0200, 0, 0, 0, 0
20100128110516R:I5703,0 62,0201, 0, 0, 0, 0
20100128110520R:I5703,0 62,0200, 0, 0, 0, 0
20100128110555R:I5703,0 62,0201, 0, 0, 0, 0
20100128110559R:I5703,0 62,0200, 0, 0, 0, 0
20100128110952R:I5703,0 62,0201, 0, 0, 0, 0
20100128110956R:I5703,0 62,0200, 0, 0, 0, 0
20100128111304R:I5703,0 62,0201, 0, 0, 0, 0
20100128111308R:I5703,0 62,0200, 0, 0, 0, 0
20100128111331R:I5703,0 62,0201, 0, 0, 0, 0
20100128111335R:I5703,0 62,0200, 0, 0, 0, 0
20100128111418R:I5703,0 62,0201, 0, 0, 0, 0
20100128111422R:I5703,0 62,0200, 0, 0, 0, 0
20100128111428R:I5703,0 62,0201, 0, 0, 0, 0
20100128111433R:I5703,0 62,0200, 0, 0, 0, 0
20100128111443R:I5703,0 62,0201, 0, 0, 0, 0
20100128111447R:I5703,0 62,0200, 0, 0, 0, 0
20100128111550R:I5703,0 62,0201, 0, 0, 0, 0
20100128111554R:I5703,0 62,0200, 0, 0, 0, 0
20100128111636R:I5703,0 62,0201, 0, 0, 0, 0
20100128111640R:I5703,0 62,0200, 0, 0, 0, 0
20100128112111R:I5703,0 62,0201, 0, 0, 0, 0
20100128112116R:I5703,0 62,0200, 0, 0, 0, 0
20100128112149R:I5703,0 62,0201, 0, 0, 0, 0
20100128112153R:I5703,0 62,0200, 0, 0, 0, 0
20100128112406R:I5703,0 62,0201, 0, 0, 0, 0
20100128112410R:I5703,0 62,0200, 0, 0, 0, 0
20100128112512R:I5703,0 62,0201, 0, 0, 0, 0
20100128112516R:I5703,0 62,0200, 0, 0, 0, 0
20100128112557R:I5703,0 62,0201, 0, 0, 0, 0
20100128112601R:I5703,0 62,0200, 0, 0, 0, 0
20100128112736R:I5703,0 62,0201, 0, 0, 0, 0
20100128112740R:I5703,0 62,0200, 0, 0, 0, 0
20100128113424R:I5703,0 62,0201, 0, 0, 0, 0
20100128113428R:I5703,0 62,0200, 0, 0, 0, 0
20100128113434R:I5703,0 62,0201, 0, 0, 0, 0
20100128113438R:I5703,0 62,0200, 0, 0, 0, 0
20100128113642R:I5703,0 62,0201, 0, 0, 0, 0
20100128113646R:I5703,0 62,0200, 0, 0, 0, 0
20100128113833R:I5703,0 62,0201, 0, 0, 0, 0
20100128113837R:I5703,0 62,0200, 0, 0, 0, 0
20100128114046R:I5703,0 62,0201, 0, 0, 0, 0
20100128114050R:I5703,0 62,0200, 0, 0, 0, 0
20100128114102R:I5703,0 62,0201, 0, 0, 0, 0
20100128114106R:I5703,0 62,0200, 0, 0, 0, 0
20100128114211R:I5703,0 62,0201, 0, 0, 0, 0
20100128114216R:I5703,0 62,0200, 0, 0, 0, 0
20100128115059R:I5703,0 62,0201, 0, 0, 0, 0
20100128115103R:I5703,0 62,0200, 0, 0, 0, 0
20100128115140R:I5703,0 62,0201, 0, 0, 0, 0
20100128115144R:I5703,0 62,0200, 0, 0, 0, 0
20100128115338R:I5703,0 62,0201, 0, 0, 0, 0
20100128115342R:I5703,0 62,0200, 0, 0, 0, 0
20100128115512R:I5703,0 62,0201, 0, 0, 0, 0
20100128115516R:I5703,0 62,0200, 0, 0, 0, 0
20100128120056R:I5703,0 62,0201, 0, 0, 0, 0
20100128120100R:I5703,0 62,0200, 0, 0, 0, 0
20100128120110R:I5703,0 62,0201, 0, 0, 0, 0
20100128120115R:I5703,0 62,0200, 0, 0, 0, 0
20100128120127R:I5703,0 62,0201, 0, 0, 0, 0
20100128120131R:I5703,0 62,0200, 0, 0, 0, 0
20100128120146R:I5703,0 62,0201, 0, 0, 0, 0
20100128120150R:I5703,0 62,0200, 0, 0, 0, 0
20100128120301R:I5703,0 62,0201, 0, 0, 0, 0
20100128120306R:I5703,0 62,0200, 0, 0, 0, 0
20100128120312R:I5703,0 62,0201, 0, 0, 0, 0
20100128120316R:I5703,0 62,0200, 0, 0, 0, 0
20100128120330R:I5703,0 62,0201, 0, 0, 0, 0
20100128120334R:I5703,0 62,0200, 0, 0, 0, 0
20100128120925R:I5703,0 62,0201, 0, 0, 0, 0
20100128120929R:I5703,0 62,0200, 0, 0, 0, 0
20100128120952R:I5703,0 62,0201, 0, 0, 0, 0
20100128120957R:I5703,0 62,0200, 0, 0, 0, 0
20100128121003R:I5703,0 62,0201, 0, 0, 0, 0
20100128121007R:I5703,0 62,0200, 0, 0, 0, 0
20100128121120R:I5703,0 62,0201, 0, 0, 0, 0
20100128121124R:I5703,0 62,0200, 0, 0, 0, 0
20100128121344R:I5703,0 62,0201, 0, 0, 0, 0
20100128121349R:I5703,0 62,0200, 0, 0, 0, 0
20100128121444R:I5703,0 62,0201, 0, 0, 0, 0
20100128121449R:I5703,0 62,0200, 0, 0, 0, 0
20100128121813R:I5703,0 62,0201, 0, 0, 0, 0
20100128121817R:I5703,0 62,0200, 0, 0, 0, 0
20100128121900R:I5703,0 62,0201, 0, 0, 0, 0
20100128121905R:I5703,0 62,0200, 0, 0, 0, 0
20100128121920R:I5703,0 62,0201, 0, 0, 0, 0
20100128121924R:I5703,0 62,0200, 0, 0, 0, 0
20100128121950R:I5703,0 62,0201, 0, 0, 0, 0
20100128121954R:I5703,0 62,0200, 0, 0, 0, 0
20100128122112R:I5703,0 62,0201, 0, 0, 0, 0
20100128122116R:I5703,0 62,0200, 0, 0, 0, 0
20100128122442R:I5703,0 62,0201, 0, 0, 0, 0
20100128122446R:I5703,0 62,0200, 0, 0, 0, 0
20100128122827R:I5703,0 62,0201, 0, 0, 0, 0
20100128122831R:I5703,0 62,0200, 0, 0, 0, 0
20100128122952R:I5703,0 62,0201, 0, 0, 0, 0
20100128122957R:I5703,0 62,0200, 0, 0, 0, 0
20100128123305R:I5703,0 62,0201, 0, 0, 0, 0
20100128123310R:I5703,0 62,0200, 0, 0, 0, 0
20100128123454R:I5703,0 62,0201, 0, 0, 0, 0
20100128123459R:I5703,0 62,0200, 0, 0, 0, 0
20100128123603R:I5703,0 62,0201, 0, 0, 0, 0
20100128123607R:I5703,0 62,0200, 0, 0, 0, 0
20100128123735R:I5703,0 62,0201, 0, 0, 0, 0
20100128123739R:I5703,0 62,0200, 0, 0, 0, 0
20100128123745R:I5703,0 62,0201, 0, 0, 0, 0
20100128123749R:I5703,0 62,0200, 0, 0, 0, 0
20100128123837R:I5703,0 62,0201, 0, 0, 0, 0
20100128123841R:I5703,0 62,0200, 0, 0, 0, 0
20100128123957R:I5703,0 62,0201, 0, 0, 0, 0
20100128124001R:I5703,0 62,0200, 0, 0, 0, 0
20100128124007R:I5703,0 62,0201, 0, 0, 0, 0
20100128124011R:I5703,0 62,0200, 0, 0, 0, 0
20100128124028R:I5703,0 62,0201, 0, 0, 0, 0
20100128124032R:I5703,0 62,0200, 0, 0, 0, 0
20100128124843R:I5703,0 62,0201, 0, 0, 0, 0
20100128124847R:I5703,0 62,0200, 0, 0, 0, 0
20100128124856R:I5703,0 62,0201, 0, 0, 0, 0
20100128124900R:I5703,0 62,0200, 0, 0, 0, 0
20100128125054R:I5703,0 62,0201, 0, 0, 0, 0
20100128125058R:I5703,0 62,0200, 0, 0, 0, 0
20100128125227R:I5703,0 62,0201, 0, 0, 0, 0
20100128125232R:I5703,0 62,0200, 0, 0, 0, 0
20100128125244R:I5703,0 62,0201, 0, 0, 0, 0
20100128125248R:I5703,0 62,0200, 0, 0, 0, 0
20100128125855R:I5703,0 62,0201, 0, 0, 0, 0
20100128125859R:I5703,0 62,0200, 0, 0, 0, 0
20100128130115R:I5703,0 62,0201, 0, 0, 0, 0
20100128130119R:I5703,0 62,0200, 0, 0, 0, 0
20100128130125R:I5703,0 62,0201, 0, 0, 0, 0
20100128130129R:I5703,0 62,0200, 0, 0, 0, 0
20100128130212R:I5703,0 62,0201, 0, 0, 0, 0
20100128130216R:I5703,0 62,0200, 0, 0, 0, 0
20100128130413R:I5703,0 62,0201, 0, 0, 0, 0
20100128130417R:I5703,0 62,0200, 0, 0, 0, 0
20100128130501R:I5703,0 62,0201, 0, 0, 0, 0
20100128130505R:I5703,0 62,0200, 0, 0, 0, 0
20100128130654R:I5703,0 62,0201, 0, 0, 0, 0
20100128130658R:I5703,0 62,0200, 0, 0, 0, 0
20100128130952R:I5703,0 62,0201, 0, 0, 0, 0
20100128130956R:I5703,0 62,0200, 0, 0, 0, 0
20100128131119R:I5703,0 62,0201, 0, 0, 0, 0
20100128131123R:I5703,0 62,0200, 0, 0, 0, 0
20100128131129R:I5703,0 62,0201, 0, 0, 0, 0
20100128131133R:I5703,0 62,0200, 0, 0, 0, 0
20100128131243R:I5703,0 62,0201, 0, 0, 0, 0
20100128131247R:I5703,0 62,0200, 0, 0, 0, 0
20100128131628R:I5703,0 62,0201, 0, 0, 0, 0
20100128131632R:I5703,0 62,0200, 0, 0, 0, 0
20100128131638R:I5703,0 62,0201, 0, 0, 0, 0
20100128131642R:I5703,0 62,0200, 0, 0, 0, 0
20100128131857R:I5703,0 62,0201, 0, 0, 0, 0
20100128131901R:I5703,0 62,0200, 0, 0, 0, 0
20100128132431R:I5703,0 62,0201, 0, 0, 0, 0
20100128132435R:I5703,0 62,0200, 0, 0, 0, 0
20100128132622R:I5703,0 62,0201, 0, 0, 0, 0
20100128132626R:I5703,0 62,0200, 0, 0, 0, 0
20100128132935R:I5703,0 62,0201, 0, 0, 0, 0
20100128132939R:I5703,0 62,0200, 0, 0, 0, 0
20100128133137R:I5703,0 62,0201, 0, 0, 0, 0
20100128133141R:I5703,0 62,0200, 0, 0, 0, 0
20100128133256R:I5703,0 62,0201, 0, 0, 0, 0
20100128133301R:I5703,0 62,0200, 0, 0, 0, 0
20100128133307R:I5703,0 62,0201, 0, 0, 0, 0
20100128133311R:I5703,0 62,0200, 0, 0, 0, 0
20100128133526R:I5703,0 62,0201, 0, 0, 0, 0
20100128133530R:I5703,0 62,0200, 0, 0, 0, 0
20100128133657R:I5703,0 62,0201, 0, 0, 0, 0
20100128133702R:I5703,0 62,0200, 0, 0, 0, 0
20100128134513R:I5703,0 62,0201, 0, 0, 0, 0
20100128134518R:I5703,0 62,0200, 0, 0, 0, 0
20100128134524R:I5703,0 62,0201, 0, 0, 0, 0
20100128134528R:I5703,0 62,0200, 0, 0, 0, 0
20100128134611R:I5703,0 62,0201, 0, 0, 0, 0
20100128134615R:I5703,0 62,0200, 0, 0, 0, 0
20100128134703R:I5703,0 62,0201, 0, 0, 0, 0
20100128134708R:I5703,0 62,0200, 0, 0, 0, 0
20100128135354R:I5703,0 62,0201, 0, 0, 0, 0
20100128135358R:I5703,0 62,0200, 0, 0, 0, 0
20100128135453R:I5703,0 62,0201, 0, 0, 0, 0
20100128135457R:I5703,0 62,0200, 0, 0, 0, 0
20100128140027R:I5703,0 62,0201, 0, 0, 0, 0
20100128140031R:I5703,0 62,0200, 0, 0, 0, 0
20100128140108R:I5703,0 62,0201, 0, 0, 0, 0
20100128140112R:I5703,0 62,0200, 0, 0, 0, 0
20100128140358R:I5703,0 62,0201, 0, 0, 0, 0
20100128140402R:I5703,0 62,0200, 0, 0, 0, 0
20100128140524R:I5703,0 62,0201, 0, 0, 0, 0
20100128140528R:I5703,0 62,0200, 0, 0, 0, 0
20100128141120R:I5703,0 62,0201, 0, 0, 0, 0
20100128141124R:I5703,0 62,0200, 0, 0, 0, 0
20100128141833R:I5703,0 62,0201, 0, 0, 0, 0
20100128141838R:I5703,0 62,0200, 0, 0, 0, 0
20100128142020R:I5703,0 62,0201, 0, 0, 0, 0
20100128142024R:I5703,0 62,0200, 0, 0, 0, 0
20100128142302R:I5703,0 62,0201, 0, 0, 0, 0
20100128142307R:I5703,0 62,0200, 0, 0, 0, 0
20100128142457R:I5703,0 62,0201, 0, 0, 0, 0
20100128142501R:I5703,0 62,0200, 0, 0, 0, 0
20100128143923R:I5703,0 62,0201, 0, 0, 0, 0
20100128143927R:I5703,0 62,0200, 0, 0, 0, 0
20100128144828R:I5703,0 62,0201, 0, 0, 0, 0
20100128144832R:I5703,0 62,0200, 0, 0, 0, 0
20100128144904R:I5703,0 62,0201, 0, 0, 0, 0
20100128144908R:I5703,0 62,0200, 0, 0, 0, 0
20100128145210R:I5703,0 62,0201, 0, 0, 0, 0
20100128145214R:I5703,0 62,0200, 0, 0, 0, 0
20100128145339R:I5703,0 62,0201, 0, 0, 0, 0
20100128145343R:I5703,0 62,0200, 0, 0, 0, 0
20100128150138R:I5703,0 62,0201, 0, 0, 0, 0
20100128150142R:I5703,0 62,0200, 0, 0, 0, 0
20100128150615R:I5703,0 62,0201, 0, 0, 0, 0
20100128150619R:I5703,0 62,0200, 0, 0, 0, 0
20100128150952R:I5703,0 62,0201, 0, 0, 0, 0
20100128150956R:I5703,0 62,0200, 0, 0, 0, 0
20100128151141R:I5703,0 62,0201, 0, 0, 0, 0
20100128151146R:I5703,0 62,0200, 0, 0, 0, 0
20100128151757R:I5703,0 62,0201, 0, 0, 0, 0
20100128151801R:I5703,0 62,0200, 0, 0, 0, 0
20100128152323R:I5703,0 62,0201, 0, 0, 0, 0
20100128152327R:I5703,0 62,0200, 0, 0, 0, 0
20100128152343R:I5703,0 62,0201, 0, 0, 0, 0
20100128152347R:I5703,0 62,0200, 0, 0, 0, 0
20100128153326R:I5703,0 62,0201, 0, 0, 0, 0
20100128153330R:I5703,0 62,0200, 0, 0, 0, 0
20100128153353R:I5703,0 62,0201, 0, 0, 0, 0
20100128153357R:I5703,0 62,0200, 0, 0, 0, 0
20100128153403R:I5703,0 62,0201, 0, 0, 0, 0
20100128153407R:I5703,0 62,0200, 0, 0, 0, 0
20100128154010R:I5703,0 62,0201, 0, 0, 0, 0
20100128154014R:I5703,0 62,0200, 0, 0, 0, 0
20100128154314R:I5703,0 62,0201, 0, 0, 0, 0
20100128154318R:I5703,0 62,0200, 0, 0, 0, 0
20100128155022R:I5703,0 62,0201, 0, 0, 0, 0
20100128155026R:I5703,0 62,0200, 0, 0, 0, 0
20100128155446R:I5703,0 62,0201, 0, 0, 0, 0
20100128155450R:I5703,0 62,0200, 0, 0, 0, 0
20100128160128R:I5703,0 62,0201, 0, 0, 0, 0
20100128160132R:I5703,0 62,0200, 0, 0, 0, 0
20100128160532R:I5703,0 62,0201, 0, 0, 0, 0
20100128160536R:I5703,0 62,0200, 0, 0, 0, 0
