50263,00000000050263,A1,15/02/2019,2019-02-15_05:52:48,1,,2019_02_15_05_52_48_26,,,0,0,1,1,0,0,0,0,0,0,0,0,0,0,0,0,0,0,0,0,0,0,0,0,0,0,0,0,0,0,0,0,1,,,,,,,,,,,,,,,,,,0,0,,,,,,,,2,POSITIVE TYPE: 16 (HR); 18 (HR),1,1,,,,,,,
50263,00000000050263,B1,15/02/2019,2019-02-15_05:52:48,2,,2019_02_15_05_52_48_26,,,0,0,0,0,0,0,0,0,0,0,0,0,0,0,0,0,-1,0,0,0,0,0,0,0,1,0,0,0,0,0,0,0,1,,,,,,,,,,,,,,,,,,0,0,,,,,,,,2,POSITIVE TYPE: 70 (LR); UNCERTAIN: 54 (LR),1,1,,,,,,,
50263,00000000050263,C1,15/02/2019,2019-02-15_05:52:48,3,,2019_02_15_05_52_48_26,,,0,0,1,0,0,0,0,0,0,0,0,0,0,1,1,0,0,0,0,0,0,0,0,0,0,0,0,0,0,0,0,0,1,,,,,,,,,,,,,,,,,,0,0,,,,,,,,2,POSITIVE TYPE: 16 (HR); 51 (HR); 52 (HR),1,1,,,,,,,
50263,00000000050263,D1,15/02/2019,2019-02-15_05:52:48,4,,2019_02_15_05_52_48_26,,,0,0,0,0,0,0,0,0,0,0,0,0,0,0,0,0,0,0,0,0,0,0,0,0,0,0,0,0,0,0,0,0,0,,,,,,,,,,,,,,,,,,0,2,,,,,,,,2,Negative,1,0,,,,,,,
50263,00000000050263,E1,15/02/2019,2019-02-15_05:52:48,5,,2019_02_15_05_52_48_26,,,0,0,0,1,0,0,0,0,0,0,0,0,0,0,0,0,0,0,1,0,0,0,0,0,1,0,0,0,0,0,0,0,1,,,,,,,,,,,,,,,,,,0,0,,,,,,,,2,POSITIVE TYPE: 18 (HR); 58 (HR); 70 (LR),1,1,,,,,,,
50263,00000000050263,F1,15/02/2019,2019-02-15_05:52:48,6,,2019_02_15_05_52_48_26,,,0,0,0,0,0,0,0,0,0,0,0,0,0,0,0,0,0,0,0,0,0,0,0,0,0,0,0,0,0,0,0,0,0,,,,,,,,,,,,,,,,,,0,2,,,,,,,,2,Negative,1,0,,,,,,,
50263,00000000050263,G1,15/02/2019,2019-02-15_05:52:48,7,,2019_02_15_05_52_48_26,,,0,0,0,0,0,0,0,0,0,0,0,0,0,1,0,0,0,1,0,0,0,0,0,0,0,0,1,0,0,0,0,0,1,,,,,,,,,,,,,,,,,,0,2,,,,,,,,2,POSITIVE TYPE: 51 (HR); 56 (HR); 72 (LR),1,1,,,,,,,
50263,00000000050263,H1,15/02/2019,2019-02-15_05:52:48,8,,2019_02_15_05_52_48_26,,,0,0,0,0,0,0,0,0,0,0,0,0,0,0,1,0,0,0,0,0,0,0,0,1,0,0,0,0,0,0,0,0,1,,,,,,,,,,,,,,,,,,0,0,,,,,,,,2,POSITIVE TYPE: 6 (LR); 52 (HR),1,1,,,,,,,
50263,00000000050263,A2,15/02/2019,2019-02-15_05:52:48,9,,2019_02_15_05_52_48_26,,,0,0,0,0,0,0,0,0,0,0,1,0,0,0,0,0,0,0,0,0,0,0,0,0,0,0,0,0,0,0,0,0,1,,,,,,,,,,,,,,,,,,0,0,,,,,,,,2,POSITIVE TYPE: 42 (LR),1,1,,,,,,,
50263,00000000050263,B2,15/02/2019,2019-02-15_05:52:48,10,,2019_02_15_05_52_48_26,,,0,0,0,0,0,0,0,0,0,0,0,0,0,0,0,0,0,0,0,0,0,0,0,0,0,0,0,0,0,0,0,0,0,,,,,,,,,,,,,,,,,,0,0,,,,,,,,2,Negative,1,0,,,,,,,
50263,00000000050263,C2,15/02/2019,2019-02-15_05:52:48,11,,2019_02_15_05_52_48_26,,,0,0,-1,0,0,0,0,0,0,0,0,0,0,0,0,1,0,0,0,0,0,0,0,0,0,0,0,0,0,0,0,0,1,,,,,,,,,,,,,,,,,,0,0,,,,,,,,2,POSITIVE TYPE: 53 (PHR); UNCERTAIN: 16 (HR),1,1,,,,,,,
50263,00000000050263,D2,15/02/2019,2019-02-15_05:52:48,12,,2019_02_15_05_52_48_26,,,0,0,1,0,0,0,0,0,0,0,0,0,0,0,0,0,0,0,0,0,0,0,0,0,0,0,0,0,0,0,0,0,1,,,,,,,,,,,,,,,,,,0,0,,,,,,,,2,POSITIVE TYPE: 16 (HR),1,1,,,,,,,
50263,00000000050263,E2,15/02/2019,2019-02-15_05:52:48,13,,2019_02_15_05_52_48_26,,,0,0,0,0,0,0,0,0,0,0,0,0,0,0,0,1,0,0,0,0,0,0,0,0,0,0,0,0,0,0,0,0,1,,,,,,,,,,,,,,,,,,0,0,,,,,,,,2,POSITIVE TYPE: 53 (PHR),1,1,,,,,,,
50263,00000000050263,F2,15/02/2019,2019-02-15_05:52:48,14,,2019_02_15_05_52_48_26,,,0,0,0,0,0,0,0,0,0,0,0,1,0,0,0,0,0,0,0,0,0,0,0,0,0,0,0,0,0,0,0,0,1,,,,,,,,,,,,,,,,,,0,0,,,,,,,,2,POSITIVE TYPE: 44 (LR),1,1,,,,,,,
50263,00000000050263,G2,15/02/2019,2019-02-15_05:52:48,15,,2019_02_15_05_52_48_26,,,0,0,0,0,0,0,0,0,0,0,0,0,0,0,0,0,0,0,0,0,0,0,0,0,1,0,0,0,0,0,0,0,1,,,,,,,,,,,,,,,,,,2,0,,,,,,,,2,POSITIVE TYPE: 70 (LR),1,1,,,,,,,
50263,00000000050263,H2,15/02/2019,2019-02-15_05:52:48,16,,2019_02_15_05_52_48_26,,,0,0,0,0,0,0,0,0,0,0,0,0,0,0,0,0,0,0,0,0,0,0,0,0,0,0,0,0,0,0,0,0,0,,,,,,,,,,,,,,,,,,0,0,,,,,,,,2,Negative,1,0,,,,,,,
50263,00000000050263,A3,15/02/2019,2019-02-15_05:52:48,17,,2019_02_15_05_52_48_26,,,0,0,0,0,0,0,0,0,0,0,0,0,0,0,0,0,0,0,0,0,0,0,0,0,0,0,0,0,0,0,1,0,1,,,,,,,,,,,,,,,,,,0,0,,,,,,,,2,POSITIVE TYPE: 83 (LR),1,1,,,,,,,
50263,00000000050263,B3,15/02/2019,2019-02-15_05:52:48,18,,2019_02_15_05_52_48_26,,,0,0,0,0,0,0,0,0,0,0,0,0,0,0,0,0,0,0,0,0,0,0,0,0,0,1,1,0,0,0,0,0,1,,,,,,,,,,,,,,,,,,0,2,,,,,,,,2,POSITIVE TYPE: 71 (LR); 72 (LR),1,1,,,,,,,
50263,00000000050263,C3,15/02/2019,2019-02-15_05:52:48,19,,2019_02_15_05_52_48_26,,,0,0,0,0,0,0,0,0,0,1,0,0,0,0,0,0,1,0,1,0,0,0,0,0,0,0,0,0,0,0,0,0,1,,,,,,,,,,,,,,,,,,2,2,,,,,,,,2,POSITIVE TYPE: 40 (LR); 54 (LR); 58 (HR),1,1,,,,,,,
50263,00000000050263,D3,15/02/2019,2019-02-15_05:52:48,20,,2019_02_15_05_52_48_26,,,0,0,1,0,0,0,0,0,0,0,0,0,0,0,0,0,0,0,0,0,0,0,0,0,0,0,0,0,0,0,0,0,1,,,,,,,,,,,,,,,,,,0,2,,,,,,,,2,POSITIVE TYPE: 16 (HR),1,1,,,,,,,
50263,00000000050263,E3,15/02/2019,2019-02-15_05:52:48,21,,2019_02_15_05_52_48_26,,,0,0,0,0,0,0,0,0,0,0,0,0,0,0,0,0,0,0,0,1,0,0,0,0,0,0,0,0,0,0,1,1,1,,,,,,,,,,,,,,,,,,0,2,,,,,,,,2,POSITIVE TYPE: 59 (HR); 83 (LR); 84 (LR),1,1,,,,,,,
50263,00000000050263,F3,15/02/2019,2019-02-15_05:52:48,22,,2019_02_15_05_52_48_26,,,0,0,0,0,0,0,0,0,0,0,0,0,0,0,1,0,0,0,1,0,0,0,0,0,0,0,0,0,0,0,0,0,1,,,,,,,,,,,,,,,,,,0,0,,,,,,,,2,POSITIVE TYPE: 52 (HR); 58 (HR),1,1,,,,,,,
50263,00000000050263,G3,15/02/2019,2019-02-15_05:52:48,23,,2019_02_15_05_52_48_26,,,0,0,0,0,0,0,0,0,0,0,0,0,0,0,0,0,0,0,0,0,0,0,0,0,0,0,0,0,0,0,0,0,0,,,,,,,,,,,,,,,,,,0,0,,,,,,,,2,Negative,1,0,,,,,,,
50263,00000000050263,H3,15/02/2019,2019-02-15_05:52:48,24,,2019_02_15_05_52_48_26,,,0,0,0,0,0,0,0,0,0,0,0,0,0,0,0,0,0,0,0,0,0,0,0,0,0,0,0,0,0,0,0,0,0,,,,,,,,,,,,,,,,,,0,0,,,,,,,,2,Negative,1,0,,,,,,,
50263,00000000050263,A4,15/02/2019,2019-02-15_05:52:48,25,,2019_02_15_05_52_48_26,,,0,0,0,0,0,0,0,0,0,0,0,0,0,0,0,0,0,0,0,0,0,0,0,0,0,0,0,0,0,0,0,0,0,,,,,,,,,,,,,,,,,,0,0,,,,,,,,2,Negative,1,0,,,,,,,
50263,00000000050263,B4,15/02/2019,2019-02-15_05:52:48,26,,2019_02_15_05_52_48_26,,,0,0,0,0,0,0,0,0,0,0,0,0,0,0,0,0,0,0,0,0,1,0,0,0,0,0,0,0,0,0,0,0,1,,,,,,,,,,,,,,,,,,0,0,,,,,,,,2,POSITIVE TYPE: 61 (LR),1,1,,,,,,,
50263,00000000050263,C4,15/02/2019,2019-02-15_05:52:48,27,,2019_02_15_05_52_48_26,,,0,0,0,0,0,0,0,0,0,0,0,0,0,1,0,0,0,0,0,0,0,0,0,0,0,0,0,0,0,0,0,0,1,,,,,,,,,,,,,,,,,,0,0,,,,,,,,2,POSITIVE TYPE: 51 (HR),1,1,,,,,,,
50263,00000000050263,D4,15/02/2019,2019-02-15_05:52:48,28,,2019_02_15_05_52_48_26,,,0,0,0,0,0,0,0,1,0,0,0,0,0,0,1,0,0,0,0,0,0,0,0,0,0,0,0,0,0,0,0,0,1,,,,,,,,,,,,,,,,,,0,0,,,,,,,,2,POSITIVE TYPE: 35 (HR); 52 (HR),1,1,,,,,,,
50263,00000000050263,E4,15/02/2019,2019-02-15_05:52:48,29,,2019_02_15_05_52_48_26,,,0,0,0,0,0,0,0,0,0,0,0,0,0,0,0,0,-1,0,0,0,0,0,0,0,0,0,0,0,1,0,0,0,1,,,,,,,,,,,,,,,,,,0,0,,,,,,,,2,POSITIVE TYPE: 81 (LR); UNCERTAIN: 54 (LR),1,1,,,,,,,
50263,00000000050263,F4,15/02/2019,2019-02-15_05:52:48,30,,2019_02_15_05_52_48_26,,,-1,-1,-1,-1,-1,-1,-1,-1,-1,-1,-1,-1,-1,-1,-1,-1,-1,-1,-1,-1,-1,-1,-1,-1,-1,-1,-1,-1,-1,-1,-1,-1,-1,,,,,,,,,,,,,,,,,,2,2,,,,,,,,2,PCR inhibited,0,-1,,,,,,,
50263,00000000050263,G4,15/02/2019,2019-02-15_05:52:48,31,,2019_02_15_05_52_48_26,,,0,0,1,0,0,0,0,1,0,0,0,0,0,0,0,0,0,1,0,0,0,0,0,0,0,0,0,0,0,0,0,0,1,,,,,,,,,,,,,,,,,,2,2,,,,,,,,2,POSITIVE TYPE: 16 (HR); 35 (HR); 56 (HR),1,1,,,,,,,
50263,00000000050263,H4,15/02/2019,2019-02-15_05:52:48,32,,2019_02_15_05_52_48_26,,,0,0,0,0,0,0,0,0,0,0,0,0,0,0,0,0,0,0,0,0,0,0,0,0,0,0,0,0,0,0,0,0,0,,,,,,,,,,,,,,,,,,0,0,,,,,,,,2,Negative,1,0,,,,,,,
