50263,00000000050263,A1,15/03/2019,2019-03-15_04:55:58,1,,2019_03_15_04_55_58_29,,,0,0,0,0,0,0,0,0,0,0,0,0,0,0,0,0,0,0,0,0,0,0,0,0,0,1,0,0,0,0,0,0,1,,,,,,,,,,,,,,,,,,0,0,,,,,,,,2,POSITIVE TYPE: 71 (LR),1,1,,,,,,,
50263,00000000050263,A2,15/03/2019,2019-03-15_04:55:58,9,,2019_03_15_04_55_58_29,,,0,0,0,0,0,0,0,0,0,0,1,0,0,0,0,0,0,0,0,0,0,0,0,0,1,0,1,0,0,0,0,0,1,,,,,,,,,,,,,,,,,,0,0,,,,,,,,2,POSITIVE TYPE: 42 (LR); 70 (LR); 72 (LR),1,1,,,,,,,
50263,00000000050263,A3,15/03/2019,2019-03-15_04:55:58,17,,2019_03_15_04_55_58_29,,,0,0,0,0,0,0,0,0,0,0,0,0,0,0,0,0,0,0,0,0,0,0,0,0,0,0,0,0,0,0,0,0,0,,,,,,,,,,,,,,,,,,0,0,,,,,,,,2,Negative,1,0,,,,,,,
50263,00000000050263,B1,15/03/2019,2019-03-15_04:55:58,2,,2019_03_15_04_55_58_29,,,0,0,1,0,0,0,0,0,0,0,0,0,0,0,0,0,0,0,0,0,0,0,0,0,0,0,0,0,0,0,0,0,1,,,,,,,,,,,,,,,,,,0,0,,,,,,,,2,POSITIVE TYPE: 16 (HR),1,1,,,,,,,
50263,00000000050263,B2,15/03/2019,2019-03-15_04:55:58,10,,2019_03_15_04_55_58_29,,,0,0,0,0,0,0,0,0,0,0,0,0,0,0,0,0,0,0,0,0,0,0,0,0,0,0,0,0,0,0,0,0,0,,,,,,,,,,,,,,,,,,0,0,,,,,,,,2,Negative,1,0,,,,,,,
50263,00000000050263,B3,15/03/2019,2019-03-15_04:55:58,18,,2019_03_15_04_55_58_29,,,0,0,0,0,0,0,0,0,0,0,0,0,0,0,0,0,-1,0,0,0,0,0,0,0,0,0,0,0,0,0,0,0,-1,,,,,,,,,,,,,,,,,,0,0,,,,,,,,2,UNCERTAIN: 54 (LR); ,0,-1,,,,,,,
50263,00000000050263,C1,15/03/2019,2019-03-15_04:55:58,3,,2019_03_15_04_55_58_29,,,0,0,0,0,0,0,0,0,0,0,1,0,0,0,0,0,0,0,0,0,0,0,0,0,0,0,0,0,0,0,0,0,1,,,,,,,,,,,,,,,,,,0,0,,,,,,,,2,POSITIVE TYPE: 42 (LR),1,1,,,,,,,
50263,00000000050263,C2,15/03/2019,2019-03-15_04:55:58,11,,2019_03_15_04_55_58_29,,,0,0,0,0,0,0,0,0,0,0,0,0,0,0,0,0,0,1,0,0,0,0,0,0,0,0,0,0,0,0,0,0,1,,,,,,,,,,,,,,,,,,2,2,,,,,,,,2,POSITIVE TYPE: 56 (HR),1,1,,,,,,,
50263,00000000050263,C3,15/03/2019,2019-03-15_04:55:58,19,,2019_03_15_04_55_58_29,,,0,0,0,0,0,0,1,0,0,0,0,0,0,0,0,0,0,0,0,0,0,0,0,0,0,0,0,0,0,0,0,0,1,,,,,,,,,,,,,,,,,,0,0,,,,,,,,2,POSITIVE TYPE: 33 (HR),1,1,,,,,,,
50263,00000000050263,D1,15/03/2019,2019-03-15_04:55:58,4,,2019_03_15_04_55_58_29,,,0,0,0,0,0,0,0,1,0,0,0,0,0,0,1,0,0,1,0,0,0,0,0,0,0,0,0,0,0,0,0,0,1,,,,,,,,,,,,,,,,,,0,2,,,,,,,,2,POSITIVE TYPE: 35 (HR); 52 (HR); 56 (HR),1,1,,,,,,,
50263,00000000050263,D2,15/03/2019,2019-03-15_04:55:58,12,,2019_03_15_04_55_58_29,,,0,0,0,0,0,0,0,0,0,0,0,0,0,0,0,0,1,0,0,0,0,0,0,0,0,0,0,0,1,0,0,0,1,,,,,,,,,,,,,,,,,,2,2,,,,,,,,2,POSITIVE TYPE: 54 (LR); 81 (LR),1,1,,,,,,,
50263,00000000050263,D3,15/03/2019,2019-03-15_04:55:58,20,,2019_03_15_04_55_58_29,,,0,0,0,0,0,0,0,0,0,0,0,0,0,0,1,0,0,0,0,0,0,0,0,0,0,0,0,0,0,0,0,0,1,,,,,,,,,,,,,,,,,,0,0,,,,,,,,2,POSITIVE TYPE: 52 (HR),1,1,,,,,,,
50263,00000000050263,E1,15/03/2019,2019-03-15_04:55:58,5,,2019_03_15_04_55_58_29,,,0,0,1,0,0,0,0,0,0,0,0,0,0,0,0,0,0,0,0,0,0,0,0,0,0,0,0,0,0,0,0,0,1,,,,,,,,,,,,,,,,,,0,0,,,,,,,,2,POSITIVE TYPE: 16 (HR),1,1,,,,,,,
50263,00000000050263,E2,15/03/2019,2019-03-15_04:55:58,13,,2019_03_15_04_55_58_29,,,0,0,0,0,0,0,0,0,0,0,0,0,0,0,0,0,0,0,0,0,0,0,0,0,0,0,0,0,1,0,0,0,1,,,,,,,,,,,,,,,,,,0,0,,,,,,,,2,POSITIVE TYPE: 81 (LR),1,1,,,,,,,
50263,00000000050263,E3,15/03/2019,2019-03-15_04:55:58,21,,2019_03_15_04_55_58_29,,,1,1,0,0,0,0,0,0,0,0,0,0,0,0,0,0,0,0,0,0,0,0,0,0,0,0,0,0,0,0,0,0,1,,,,,,,,,,,,,,,,,,0,0,,,,,,,,2,POSITIVE TYPE: 11 (LR); 66 (HR),1,1,,,,,,,
50263,00000000050263,F1,15/03/2019,2019-03-15_04:55:58,6,,2019_03_15_04_55_58_29,,,0,0,0,1,0,0,1,0,0,0,0,0,0,0,0,0,0,0,1,0,0,0,0,0,0,0,0,1,0,0,0,0,1,,,,,,,,,,,,,,,,,,0,0,,,,,,,,2,POSITIVE TYPE: 18 (HR); 33 (HR); 58 (HR); 73 (PHR),1,1,,,,,,,
50263,00000000050263,F2,15/03/2019,2019-03-15_04:55:58,14,,2019_03_15_04_55_58_29,,,0,0,0,0,0,0,0,0,0,0,0,0,0,0,0,0,0,1,0,0,0,0,0,0,0,0,0,0,0,0,0,0,1,,,,,,,,,,,,,,,,,,0,0,,,,,,,,2,POSITIVE TYPE: 56 (HR),1,1,,,,,,,
50263,00000000050263,F3,15/03/2019,2019-03-15_04:55:58,22,,2019_03_15_04_55_58_29,,,0,0,0,0,0,0,0,0,0,0,0,0,0,0,0,0,0,0,0,0,0,0,0,0,0,0,0,0,0,0,0,0,0,,,,,,,,,,,,,,,,,,0,0,,,,,,,,2,Negative,1,0,,,,,,,
50263,00000000050263,G1,15/03/2019,2019-03-15_04:55:58,7,,2019_03_15_04_55_58_29,,,0,0,0,0,0,0,0,0,0,0,0,0,0,0,1,0,0,0,0,0,0,0,0,0,0,0,0,0,0,0,0,0,1,,,,,,,,,,,,,,,,,,0,0,,,,,,,,2,POSITIVE TYPE: 52 (HR),1,1,,,,,,,
50263,00000000050263,G2,15/03/2019,2019-03-15_04:55:58,15,,2019_03_15_04_55_58_29,,,0,0,0,0,0,1,0,0,0,0,0,0,0,0,0,0,0,0,0,0,0,0,0,0,0,0,0,0,0,0,0,0,1,,,,,,,,,,,,,,,,,,0,0,,,,,,,,2,POSITIVE TYPE: 31 (HR),1,1,,,,,,,
50263,00000000050263,G3,15/03/2019,2019-03-15_04:55:58,23,,2019_03_15_04_55_58_29,,,0,0,0,0,0,1,0,0,0,0,0,0,0,0,0,0,0,0,0,0,0,0,0,0,0,0,0,0,0,0,0,0,1,,,,,,,,,,,,,,,,,,0,0,,,,,,,,2,POSITIVE TYPE: 31 (HR),1,1,,,,,,,
50263,00000000050263,H1,15/03/2019,2019-03-15_04:55:58,8,,2019_03_15_04_55_58_29,,,0,0,0,0,0,0,0,0,0,0,0,0,0,1,0,1,0,0,0,0,-1,0,0,0,0,0,0,0,0,0,0,0,1,,,,,,,,,,,,,,,,,,0,0,,,,,,,,2,POSITIVE TYPE: 51 (HR); 53 (PHR); UNCERTAIN: 61 (LR),1,1,,,,,,,
50263,00000000050263,H2,15/03/2019,2019-03-15_04:55:58,16,,2019_03_15_04_55_58_29,,,0,0,0,0,0,0,0,0,0,0,0,0,0,0,0,0,0,0,1,0,0,0,0,0,0,0,0,0,0,0,0,0,1,,,,,,,,,,,,,,,,,,0,0,,,,,,,,2,POSITIVE TYPE: 58 (HR),1,1,,,,,,,
50263,00000000050263,H3,15/03/2019,2019-03-15_04:55:58,24,,2019_03_15_04_55_58_29,,,0,0,1,0,0,0,0,0,0,0,0,0,0,0,0,0,0,0,0,0,0,0,0,0,0,0,0,0,0,0,0,1,1,,,,,,,,,,,,,,,,,,0,0,,,,,,,,2,POSITIVE TYPE: 16 (HR); 84 (LR),1,1,,,,,,,
50263,00000000050263,A1,15/03/2019,2019-03-15_04:55:58,1,,2019_03_15_04_55_58_29,,,0,0,0,0,0,0,0,0,0,0,0,0,0,0,0,0,0,0,0,0,0,0,0,0,0,1,0,0,0,0,0,0,1,,,,,,,,,,,,,,,,,,0,0,,,,,,,,2,POSITIVE TYPE: 71 (LR),1,1,,,,,,,
50263,00000000050263,A2,15/03/2019,2019-03-15_04:55:58,9,,2019_03_15_04_55_58_29,,,0,0,0,0,0,0,0,0,0,0,1,0,0,0,0,0,0,0,0,0,0,0,0,0,1,0,1,0,0,0,0,0,1,,,,,,,,,,,,,,,,,,0,0,,,,,,,,2,POSITIVE TYPE: 42 (LR); 70 (LR); 72 (LR),1,1,,,,,,,
50263,00000000050263,A3,15/03/2019,2019-03-15_04:55:58,17,,2019_03_15_04_55_58_29,,,0,0,0,0,0,0,0,0,0,0,0,0,0,0,0,0,0,0,0,0,0,0,0,0,0,0,0,0,0,0,0,0,0,,,,,,,,,,,,,,,,,,0,0,,,,,,,,2,Negative,1,0,,,,,,,
50263,00000000050263,B1,15/03/2019,2019-03-15_04:55:58,2,,2019_03_15_04_55_58_29,,,0,0,1,0,0,0,0,0,0,0,0,0,0,0,0,0,0,0,0,0,0,0,0,0,0,0,0,0,0,0,0,0,1,,,,,,,,,,,,,,,,,,0,0,,,,,,,,2,POSITIVE TYPE: 16 (HR),1,1,,,,,,,
50263,00000000050263,B2,15/03/2019,2019-03-15_04:55:58,10,,2019_03_15_04_55_58_29,,,0,0,0,0,0,0,0,0,0,0,0,0,0,0,0,0,0,0,0,0,0,0,0,0,0,0,0,0,0,0,0,0,0,,,,,,,,,,,,,,,,,,0,0,,,,,,,,2,Negative,1,0,,,,,,,
50263,00000000050263,B3,15/03/2019,2019-03-15_04:55:58,18,,2019_03_15_04_55_58_29,,,0,0,0,0,0,0,0,0,0,0,0,0,0,0,0,0,-1,0,0,0,0,0,0,0,0,0,0,0,0,0,0,0,-1,,,,,,,,,,,,,,,,,,0,0,,,,,,,,2,UNCERTAIN: 54 (LR); ,0,-1,,,,,,,
50263,00000000050263,C1,15/03/2019,2019-03-15_04:55:58,3,,2019_03_15_04_55_58_29,,,0,0,0,0,0,0,0,0,0,0,1,0,0,0,0,0,0,0,0,0,0,0,0,0,0,0,0,0,0,0,0,0,1,,,,,,,,,,,,,,,,,,0,0,,,,,,,,2,POSITIVE TYPE: 42 (LR),1,1,,,,,,,
50263,00000000050263,C2,15/03/2019,2019-03-15_04:55:58,11,,2019_03_15_04_55_58_29,,,0,0,0,0,0,0,0,0,0,0,0,0,0,0,0,0,0,1,0,0,0,0,0,0,0,0,0,0,0,0,0,0,1,,,,,,,,,,,,,,,,,,2,2,,,,,,,,2,POSITIVE TYPE: 56 (HR),1,1,,,,,,,
50263,00000000050263,C3,15/03/2019,2019-03-15_04:55:58,19,,2019_03_15_04_55_58_29,,,0,0,0,0,0,0,1,0,0,0,0,0,0,0,0,0,0,0,0,0,0,0,0,0,0,0,0,0,0,0,0,0,1,,,,,,,,,,,,,,,,,,0,0,,,,,,,,2,POSITIVE TYPE: 33 (HR),1,1,,,,,,,
50263,00000000050263,D1,15/03/2019,2019-03-15_04:55:58,4,,2019_03_15_04_55_58_29,,,0,0,0,0,0,0,0,1,0,0,0,0,0,0,1,0,0,1,0,0,0,0,0,0,0,0,0,0,0,0,0,0,1,,,,,,,,,,,,,,,,,,0,2,,,,,,,,2,POSITIVE TYPE: 35 (HR); 52 (HR); 56 (HR),1,1,,,,,,,
50263,00000000050263,D2,15/03/2019,2019-03-15_04:55:58,12,,2019_03_15_04_55_58_29,,,0,0,0,0,0,0,0,0,0,0,0,0,0,0,0,0,1,0,0,0,0,0,0,0,0,0,0,0,1,0,0,0,1,,,,,,,,,,,,,,,,,,2,2,,,,,,,,2,POSITIVE TYPE: 54 (LR); 81 (LR),1,1,,,,,,,
50263,00000000050263,D3,15/03/2019,2019-03-15_04:55:58,20,,2019_03_15_04_55_58_29,,,0,0,0,0,0,0,0,0,0,0,0,0,0,0,1,0,0,0,0,0,0,0,0,0,0,0,0,0,0,0,0,0,1,,,,,,,,,,,,,,,,,,0,0,,,,,,,,2,POSITIVE TYPE: 52 (HR),1,1,,,,,,,
50263,00000000050263,E1,15/03/2019,2019-03-15_04:55:58,5,,2019_03_15_04_55_58_29,,,0,0,1,0,0,0,0,0,0,0,0,0,0,0,0,0,0,0,0,0,0,0,0,0,0,0,0,0,0,0,0,0,1,,,,,,,,,,,,,,,,,,0,0,,,,,,,,2,POSITIVE TYPE: 16 (HR),1,1,,,,,,,
50263,00000000050263,E2,15/03/2019,2019-03-15_04:55:58,13,,2019_03_15_04_55_58_29,,,0,0,0,0,0,0,0,0,0,0,0,0,0,0,0,0,0,0,0,0,0,0,0,0,0,0,0,0,1,0,0,0,1,,,,,,,,,,,,,,,,,,0,0,,,,,,,,2,POSITIVE TYPE: 81 (LR),1,1,,,,,,,
50263,00000000050263,E3,15/03/2019,2019-03-15_04:55:58,21,,2019_03_15_04_55_58_29,,,1,1,0,0,0,0,0,0,0,0,0,0,0,0,0,0,0,0,0,0,0,0,0,0,0,0,0,0,0,0,0,0,1,,,,,,,,,,,,,,,,,,0,0,,,,,,,,2,POSITIVE TYPE: 11 (LR); 66 (HR),1,1,,,,,,,
50263,00000000050263,F1,15/03/2019,2019-03-15_04:55:58,6,,2019_03_15_04_55_58_29,,,0,0,0,1,0,0,1,0,0,0,0,0,0,0,0,0,0,0,1,0,0,0,0,0,0,0,0,1,0,0,0,0,1,,,,,,,,,,,,,,,,,,0,0,,,,,,,,2,POSITIVE TYPE: 18 (HR); 33 (HR); 58 (HR); 73 (PHR),1,1,,,,,,,
50263,00000000050263,F2,15/03/2019,2019-03-15_04:55:58,14,,2019_03_15_04_55_58_29,,,0,0,0,0,0,0,0,0,0,0,0,0,0,0,0,0,0,1,0,0,0,0,0,0,0,0,0,0,0,0,0,0,1,,,,,,,,,,,,,,,,,,0,0,,,,,,,,2,POSITIVE TYPE: 56 (HR),1,1,,,,,,,
50263,00000000050263,F3,15/03/2019,2019-03-15_04:55:58,22,,2019_03_15_04_55_58_29,,,0,0,0,0,0,0,0,0,0,0,0,0,0,0,0,0,0,0,0,0,0,0,0,0,0,0,0,0,0,0,0,0,0,,,,,,,,,,,,,,,,,,0,0,,,,,,,,2,Negative,1,0,,,,,,,
50263,00000000050263,G1,15/03/2019,2019-03-15_04:55:58,7,,2019_03_15_04_55_58_29,,,0,0,0,0,0,0,0,0,0,0,0,0,0,0,1,0,0,0,0,0,0,0,0,0,0,0,0,0,0,0,0,0,1,,,,,,,,,,,,,,,,,,0,0,,,,,,,,2,POSITIVE TYPE: 52 (HR),1,1,,,,,,,
50263,00000000050263,G2,15/03/2019,2019-03-15_04:55:58,15,,2019_03_15_04_55_58_29,,,0,0,0,0,0,1,0,0,0,0,0,0,0,0,0,0,0,0,0,0,0,0,0,0,0,0,0,0,0,0,0,0,1,,,,,,,,,,,,,,,,,,0,0,,,,,,,,2,POSITIVE TYPE: 31 (HR),1,1,,,,,,,
50263,00000000050263,G3,15/03/2019,2019-03-15_04:55:58,23,,2019_03_15_04_55_58_29,,,0,0,0,0,0,1,0,0,0,0,0,0,0,0,0,0,0,0,0,0,0,0,0,0,0,0,0,0,0,0,0,0,1,,,,,,,,,,,,,,,,,,0,0,,,,,,,,2,POSITIVE TYPE: 31 (HR),1,1,,,,,,,
50263,00000000050263,H1,15/03/2019,2019-03-15_04:55:58,8,,2019_03_15_04_55_58_29,,,0,0,0,0,0,0,0,0,0,0,0,0,0,1,0,1,0,0,0,0,-1,0,0,0,0,0,0,0,0,0,0,0,1,,,,,,,,,,,,,,,,,,0,0,,,,,,,,2,POSITIVE TYPE: 51 (HR); 53 (PHR); UNCERTAIN: 61 (LR),1,1,,,,,,,
50263,00000000050263,H2,15/03/2019,2019-03-15_04:55:58,16,,2019_03_15_04_55_58_29,,,0,0,0,0,0,0,0,0,0,0,0,0,0,0,0,0,0,0,1,0,0,0,0,0,0,0,0,0,0,0,0,0,1,,,,,,,,,,,,,,,,,,0,0,,,,,,,,2,POSITIVE TYPE: 58 (HR),1,1,,,,,,,
50263,00000000050263,H3,15/03/2019,2019-03-15_04:55:58,24,,2019_03_15_04_55_58_29,,,0,0,1,0,0,0,0,0,0,0,0,0,0,0,0,0,0,0,0,0,0,0,0,0,0,0,0,0,0,0,0,1,1,,,,,,,,,,,,,,,,,,0,0,,,,,,,,2,POSITIVE TYPE: 16 (HR); 84 (LR),1,1,,,,,,,
