00988379,2019-03-28,32,10024
00929241,2019-03-26,32,10008
00268123,2019-03-29,32,10003
00988379,2019-03-28,32,10024
00875975,2019-03-28,32,10020
00192227,2019-03-27,32,10013
00268123,2019-03-29,32,10001
00892958,2019-03-26,32,10015
00791000,2019-03-28,32,4
00988294,2019-03-28,32,10012
00704021,2019-03-29,22,181
00268123,2019-03-29,32,10001
00875975,2019-03-28,32,10020
00192227,2019-03-27,32,10013
00892958,2019-03-26,32,10015
00192227,2019-03-27,32,10014
00892958,2019-03-26,32,10016
00268123,2019-03-29,32,10004
00747377,2019-03-27,32,3
00268123,2019-03-29,32,10001
00474628,2019-03-28,31,10020
00192227,2019-03-27,32,10013
00268123,2019-03-29,32,10001
00747377,2019-03-27,32,3
00929241,2019-03-26,32,10005
00929241,2019-03-26,32,10005
00962353,2019-03-28,32,6
00268123,2019-03-29,32,10002
00752009,2019-03-26,32,10009
00929241,2019-03-26,32,10008
00268123,2019-03-29,32,10003
00740450,2019-03-28,32,11
00962353,2019-03-28,32,6
00740450,2019-03-28,32,11
00752009,2019-03-26,32,10009
00929241,2019-03-26,32,10005
00964289,2019-03-27,22,357
00987924,2019-03-27,32,10021
00929241,2019-03-26,32,10005
00752009,2019-03-26,32,10010
00987924,2019-03-27,32,10021
00875975,2019-03-28,32,10021
00988154,2019-03-28,32,10002
00835602,2019-03-28,22,108
00859957,2019-03-27,22,215
00269070,2019-03-27,32,10019
00269070,2019-03-27,32,10019
00987824,2019-03-27,32,10012
00269070,2019-03-27,32,10020
00988154,2019-03-27,32,5
00429626,2019-03-29,31,10007
00988387,2019-03-28,31,154
00988294,2019-03-28,31,10032
00962040,2019-03-28,31,158
00924660,2019-03-28,31,10048
00824266,2019-03-28,31,10049
00758360,2019-03-28,31,10025
00011143,2019-03-28,31,10060
00988061,2019-03-29,32,4
00964289,2019-03-27,22,357
00988154,2019-03-27,32,5
00791000,2019-03-28,32,4
00892958,2019-03-26,32,10016
00268123,2019-03-29,32,10004
00988061,2019-03-29,32,5
00474628,2019-03-28,31,10020
00988061,2019-03-29,32,5
00988061,2019-03-29,32,5
00988061,2019-03-29,32,4
00988061,2019-03-29,32,5
00965620,2019-03-29,32,10
00988156,2019-03-29,32,10005
00988061,2019-03-29,32,5
00988061,2019-03-29,32,5
00988061,2019-03-29,32,4
00988181,2019-03-29,32,10008
00988061,2019-03-29,32,5
00477327,2019-03-28,31,10059
00988061,2019-03-29,32,5
00988339,2019-03-28,31,10053
00987334,2019-03-26,42,10101
00573869,2019-03-27,42,10034
00903381,2019-03-27,42,10106
00927585,2019-03-27,42,73
00985673,2019-03-27,42,10113
00339221,2019-03-28,42,10056
00605845,2019-03-28,42,10075
00268123,2019-03-29,32,10009
00268123,2019-03-29,32,10009
00988449,2019-03-29,32,37
00268123,2019-03-29,32,10009
00988061,2019-03-29,32,4
00988426,2019-03-29,32,41
00988426,2019-03-29,32,41
00988426,2019-03-29,32,41
00988426,2019-03-29,32,40
00988426,2019-03-29,32,41
00988426,2019-03-29,32,41
00988426,2019-03-29,32,41
00988426,2019-03-29,32,40
00988426,2019-03-29,32,40
00988426,2019-03-29,32,41
00988426,2019-03-29,32,41
00268123,2019-03-29,32,10009
00988379,2019-03-28,32,10022
00988379,2019-03-28,32,10022
00988379,2019-03-28,32,10022
00988379,2019-03-28,32,10022
00039482,2019-03-29,31,10019
