[RX]EMERALD;1;034109-000914;AFSE
[RX]RESULT
[RX]DATE;09/03/2010
[RX]TIME;11:49:12
[RX]MODE;NORMAL
[RX]UNIT;1
[RX]SEQ;12;0
[RX]SID;No ID Entered
[RX]PID;
[RX]ID;
[RX]TYPE;STANDARD
[RX]TEST;LMG
[RX]OPERATOR;AFSE
[RX]WBC;8.1  ;;;4.0  ;4.2  ;10.0 ;10.5 
[RX]RBC;5.70 ;;h;3.90 ;4.03 ;5.46 ;5.80 
[RX]HGB;17.4;;h;11.0;12.0;16.5;18.0
[RX]HCT;49.8;;h;35.0;36.5;48.3;50.0
[RX]MCV;87.3 ;;;80.0 ;81.5 ;96.8 ;100.0
[RX]MCH;30.5 ;;;26.0 ;27.5 ;33.3 ;34.0 
[RX]MCHC;34.9 ;;;32.0 ;32.4 ;35.7 ;37.0 
[RX]RDW;14.5 ;;;11.0 ;11.8 ;14.9 ;16.0 
[RX]PLT;333  ;;;100  ;120  ;385  ;400  
[RX]MPV;8.6  ;;;6.5  ;7.0  ;10.2 ;12.0 
[RX]LYM%;32.7;*;;10.0;12.7;47.8;60.0
[RX]MID%;25.6;*;H;5.0 ;6.3 ;14.0;16.0
[RX]GRA%;41.7;*;l;40.0;43.5;80.0;90.0
[RX]LYM;2.6  ;*;;0.8  ;1.0  ;3.3  ;5.0  
[RX]MID;2.1  ;*;H;0.1  ;0.8  ;0.8  ;1.0  
[RX]GRA;3.4  ;*;;3.0  ;3.2  ;7.5  ;8.0  
[RX]WBC CURVE;0;0;0;0;8;28;48;55;53;49;44;44;54;79;116;156;193;222;231;210;175;147;131;129;136;144;150;154;158;160;158;157;156;152;142;127;116;111;105;99;96;95;95;96;99;101;103;105;105;104;104;104;101;97;94;89;81;75;70;63;56;50;46;43;38;32;28;26;24;23;21;19;18;18;17;15;14;13;11;9;7;7;7;7;7;6;4;3;3;3;3;3;3;2;1;1;1;1;1;1;1;1;1;1;1;0;0;0;0;0;0;0;0;0;0;0;0;0;0;0;0;0;0;0;0;0;0;0;
[RX]WBC THRESHOLDS;25;37;0;
[RX]RBC CURVE;0;0;0;0;0;0;0;0;0;2;3;3;2;1;0;0;0;0;0;0;0;0;1;2;3;5;7;10;13;19;29;43;60;82;109;137;163;187;209;227;239;245;242;230;215;200;183;163;143;125;109;97;85;74;63;54;46;39;33;27;21;17;13;10;7;5;4;3;2;2;2;2;1;1;1;1;1;1;1;1;1;1;1;1;1;1;1;1;0;0;0;0;0;0;0;0;0;0;0;0;0;0;0;0;0;0;0;0;0;0;0;0;0;0;0;0;0;0;0;0;0;0;0;0;0;0;0;0;
[RX]RBC THRESHOLDS;32;55
[RX]PLT CURVE;0;0;0;0;2;4;8;12;18;24;31;39;47;55;63;70;76;82;87;91;94;97;98;98;97;95;93;90;87;85;82;78;75;71;67;62;59;55;51;48;45;42;39;36;33;31;28;26;24;22;20;19;18;17;16;15;14;13;12;11;10;9;9;8;7;7;6;5;5;4;4;4;3;3;3;3;2;2;2;2;2;2;1;1;1;1;1;1;1;1;1;1;1;1;0;0;0;0;0;0;0;0;0;0;0;0;0;0;0;0;0;0;0;0;0;0;0;0;0;0;0;0;0;0;0;0;0;0;
[RX]PLT THRESHOLDS;99
[RX]ALARMS;L2;L3;L4;QC FAIL;
[RX]INTERPRETIVE_WBC;GRA<;
[RX]INTERPRETIVE_RBC;ERY>;
[RX]INTERPRETIVE_PLT;
[RX]COMMENT;;
[RX]END_RESULT;39347
[RX]EMERALD;1;034109-000914;AFSE
[RX]RESULT
[RX]DATE;09/03/2010
[RX]TIME;11:52:26
[RX]MODE;NORMAL
[RX]UNIT;1
[RX]SEQ;13;0
[RX]SID;No ID Entered
[RX]PID;
[RX]ID;
[RX]TYPE;STANDARD
[RX]TEST;LMG
[RX]OPERATOR;AFSE
[RX]WBC;8.1  ;;;4.0  ;4.2  ;10.0 ;10.5 
[RX]RBC;5.58 ;;h;3.90 ;4.03 ;5.46 ;5.80 
[RX]HGB;17.1;;h;11.0;12.0;16.5;18.0
[RX]HCT;49.0;;h;35.0;36.5;48.3;50.0
[RX]MCV;87.8 ;;;80.0 ;81.5 ;96.8 ;100.0
[RX]MCH;30.6 ;;;26.0 ;27.5 ;33.3 ;34.0 
[RX]MCHC;34.9 ;;;32.0 ;32.4 ;35.7 ;37.0 
[RX]RDW;14.3 ;;;11.0 ;11.8 ;14.9 ;16.0 
[RX]PLT;332  ;;;100  ;120  ;385  ;400  
[RX]MPV;8.8  ;;;6.5  ;7.0  ;10.2 ;12.0 
[RX]LYM%;36.3;*;;10.0;12.7;47.8;60.0
[RX]MID%;23.3;*;H;5.0 ;6.3 ;14.0;16.0
[RX]GRA%;40.4;*;l;40.0;43.5;80.0;90.0
[RX]LYM;2.9  ;*;;0.8  ;1.0  ;3.3  ;5.0  
[RX]MID;1.9  ;*;H;0.1  ;0.8  ;0.8  ;1.0  
[RX]GRA;3.3  ;*;;3.0  ;3.2  ;7.5  ;8.0  
[RX]WBC CURVE;0;0;0;0;9;33;58;68;65;57;53;60;78;107;148;192;223;234;226;203;177;156;141;134;133;135;139;143;149;151;147;141;137;133;127;118;110;105;101;96;96;97;97;97;100;103;106;107;105;104;103;99;95;90;81;73;67;65;66;62;55;51;46;40;34;30;29;26;23;21;18;15;14;13;12;12;13;13;12;11;10;8;7;6;7;7;7;6;5;5;5;4;3;2;1;0;0;0;1;1;1;1;1;1;1;1;1;1;0;0;0;0;0;0;0;0;0;0;0;0;0;0;0;0;0;0;0;0;
[RX]WBC THRESHOLDS;25;37;0;
[RX]RBC CURVE;0;0;0;0;0;0;0;0;0;2;3;4;3;2;2;1;0;0;0;0;0;0;0;1;2;3;5;8;12;17;24;35;51;71;95;121;148;176;201;221;236;244;246;239;224;207;190;171;153;136;120;104;90;79;69;58;48;40;33;26;21;16;12;9;7;6;5;4;3;2;1;1;1;1;1;1;1;1;1;1;1;1;1;1;1;1;1;1;1;1;1;1;1;0;0;0;0;0;0;0;0;0;0;0;0;0;0;0;0;0;0;0;0;0;0;0;0;0;0;0;0;0;0;0;0;0;0;0;
[RX]RBC THRESHOLDS;32;55
[RX]PLT CURVE;0;0;0;0;2;5;9;14;20;27;35;43;51;59;67;74;80;85;90;94;97;100;101;102;101;99;97;94;90;87;83;79;76;72;68;64;60;57;54;50;47;44;41;38;35;32;29;27;24;22;21;19;18;17;17;16;15;14;13;12;11;10;10;9;9;8;8;7;7;7;6;6;6;5;5;5;4;4;4;3;3;2;2;2;2;2;2;2;2;2;2;1;1;1;1;0;0;0;0;0;0;0;0;0;0;0;0;0;0;0;0;0;0;0;0;0;0;0;0;0;0;0;0;0;0;0;0;0;
[RX]PLT THRESHOLDS;98
[RX]ALARMS;L2;L3;L4;QC FAIL;
[RX]INTERPRETIVE_WBC;GRA<;
[RX]INTERPRETIVE_RBC;ERY>;
[RX]INTERPRETIVE_PLT;
[RX]COMMENT;;
[RX]END_RESULT;23929
[RX]EMERALD;1;034109-000914;AFSE
[RX]RESULT
[RX]DATE;09/03/2010
[RX]TIME;11:53:58
[RX]MODE;NORMAL
[RX]UNIT;1
[RX]SEQ;14;0
[RX]SID;No ID Entered
[RX]PID;
[RX]ID;
[RX]TYPE;STANDARD
[RX]TEST;LMG
[RX]OPERATOR;AFSE
[RX]WBC;8.1  ;;;4.0  ;4.2  ;10.0 ;10.5 
[RX]RBC;3.69 ;;L;3.90 ;4.03 ;5.46 ;5.80 
[RX]HGB;11.8;;l;11.0;12.0;16.5;18.0
[RX]HCT;33.8;;L;35.0;36.5;48.3;50.0
[RX]MCV;91.6 ;;;80.0 ;81.5 ;96.8 ;100.0
[RX]MCH;32.0 ;;;26.0 ;27.5 ;33.3 ;34.0 
[RX]MCHC;34.9 ;;;32.0 ;32.4 ;35.7 ;37.0 
[RX]RDW;12.6 ;;;11.0 ;11.8 ;14.9 ;16.0 
[RX]PLT;367  ;;;100  ;120  ;385  ;400  
[RX]MPV;6.9  ;;l;6.5  ;7.0  ;10.2 ;12.0 
[RX]LYM%;26.1;;;10.0;12.7;47.8;60.0
[RX]MID%;7.6 ;;;5.0 ;6.3 ;14.0;16.0
[RX]GRA%;66.3;;;40.0;43.5;80.0;90.0
[RX]LYM;2.1  ;;;0.8  ;1.0  ;3.3  ;5.0  
[RX]MID;0.6  ;;l;0.1  ;0.8  ;0.8  ;1.0  
[RX]GRA;5.4  ;;;3.0  ;3.2  ;7.5  ;8.0  
[RX]WBC CURVE;0;0;0;0;10;37;64;76;76;70;67;75;102;147;193;224;235;226;197;161;130;106;86;68;56;50;48;49;52;56;59;62;66;68;67;66;67;66;65;66;64;63;67;74;76;75;74;75;78;84;88;90;95;106;115;117;118;122;127;131;133;134;136;137;135;135;137;139;142;146;146;140;136;135;129;125;126;128;129;124;115;105;97;88;82;80;76;70;61;54;52;51;47;39;32;27;24;22;21;18;16;13;11;9;8;7;6;5;5;6;6;5;4;4;4;3;2;1;1;1;1;1;1;1;1;0;0;0;
[RX]WBC THRESHOLDS;25;37;0;
[RX]RBC CURVE;0;0;0;0;0;0;0;0;0;1;1;1;1;1;1;0;0;0;0;0;0;0;0;0;0;1;2;4;7;12;19;29;44;64;88;114;141;169;195;217;232;241;242;230;208;186;167;148;128;111;98;86;77;69;63;57;51;45;40;35;31;28;24;20;17;15;13;11;9;8;7;6;5;4;4;4;3;2;2;1;1;1;0;0;0;0;0;0;0;0;0;0;0;0;0;0;0;0;0;0;0;0;0;0;0;0;0;0;0;0;0;0;0;0;0;0;0;0;0;0;0;0;0;0;0;0;0;0;
[RX]RBC THRESHOLDS;32;55
[RX]PLT CURVE;0;0;0;0;3;6;11;17;25;33;42;51;60;67;75;81;86;89;91;91;90;87;84;80;75;70;66;61;57;53;48;44;40;36;32;29;26;24;21;19;17;15;14;12;10;9;8;7;6;5;4;4;3;3;3;3;3;3;2;2;2;2;1;1;1;0;0;0;0;0;0;0;0;0;0;0;0;0;0;0;0;0;0;0;0;0;0;0;0;0;0;0;0;0;0;0;0;0;0;0;0;0;0;0;0;0;0;0;0;0;0;0;0;0;0;0;0;0;0;0;0;0;0;0;0;0;0;0;
[RX]PLT THRESHOLDS;99
[RX]ALARMS;QC FAIL;
[RX]INTERPRETIVE_WBC;
[RX]INTERPRETIVE_RBC;ANE;
[RX]INTERPRETIVE_PLT;
[RX]COMMENT;;
[RX]END_RESULT;25445
[RX]EMERALD;1;034109-000914;AFSE
[RX]RESULT
[RX]DATE;09/03/2010
[RX]TIME;11:56:20
[RX]MODE;NORMAL
[RX]UNIT;1
[RX]SEQ;15;0
[RX]SID;No ID Entered
[RX]PID;
[RX]ID;
[RX]TYPE;STANDARD
[RX]TEST;LMG
[RX]OPERATOR;AFSE
[RX]WBC;4.4  ;;;4.0  ;4.2  ;10.0 ;10.5 
[RX]RBC;4.30 ;;;3.90 ;4.03 ;5.46 ;5.80 
[RX]HGB;13.0;;;11.0;12.0;16.5;18.0
[RX]HCT;37.7;;;35.0;36.5;48.3;50.0
[RX]MCV;87.6 ;;;80.0 ;81.5 ;96.8 ;100.0
[RX]MCH;30.2 ;;;26.0 ;27.5 ;33.3 ;34.0 
[RX]MCHC;34.5 ;;;32.0 ;32.4 ;35.7 ;37.0 
[RX]RDW;13.2 ;;;11.0 ;11.8 ;14.9 ;16.0 
[RX]PLT;213  ;;;100  ;120  ;385  ;400  
[RX]MPV;7.8  ;;;6.5  ;7.0  ;10.2 ;12.0 
[RX]LYM%;48.3;*;h;10.0;12.7;47.8;60.0
[RX]MID%;8.8 ;*;;5.0 ;6.3 ;14.0;16.0
[RX]GRA%;42.9;*;l;40.0;43.5;80.0;90.0
[RX]LYM;2.1  ;*;;0.8  ;1.0  ;3.3  ;5.0  
[RX]MID;0.4  ;*;l;0.1  ;0.8  ;0.8  ;1.0  
[RX]GRA;1.9  ;*;L;3.0  ;3.2  ;7.5  ;8.0  
[RX]WBC CURVE;0;0;0;0;6;23;38;40;36;33;38;56;92;139;183;216;228;214;182;144;106;75;53;39;31;27;25;25;27;30;32;32;32;33;33;30;26;25;29;34;37;39;40;42;46;53;59;62;63;65;67;69;69;66;63;60;57;56;53;48;44;40;38;36;32;28;25;23;23;22;18;15;14;12;10;10;10;9;7;4;2;2;2;2;2;1;0;0;1;1;0;0;0;0;0;0;0;0;0;0;0;0;0;0;0;0;0;0;0;0;0;0;0;0;0;0;0;0;0;0;0;0;0;0;0;0;0;0;
[RX]WBC THRESHOLDS;25;37;0;
[RX]RBC CURVE;0;0;0;0;0;0;0;0;0;1;1;1;1;1;1;0;0;0;0;0;0;0;0;0;1;2;3;6;10;17;28;43;64;91;120;151;181;207;227;240;244;239;227;208;188;168;150;132;115;102;90;78;69;61;54;48;42;37;32;27;22;19;16;14;11;8;6;5;4;3;2;2;2;2;2;1;1;1;1;1;1;1;1;1;1;1;1;0;0;0;0;0;0;0;0;0;0;0;0;0;0;0;0;0;0;0;0;0;0;0;0;0;0;0;0;0;0;0;0;0;0;0;0;0;0;0;0;0;
[RX]RBC THRESHOLDS;32;55
[RX]PLT CURVE;0;0;0;0;3;6;11;17;24;31;39;47;55;62;69;74;77;79;80;80;78;77;76;74;72;70;67;65;62;59;56;54;52;50;48;46;43;40;37;34;32;29;27;25;23;21;19;17;16;14;13;11;10;9;8;7;6;5;5;4;4;4;4;4;3;3;2;2;2;1;1;1;1;1;1;1;1;1;1;1;0;0;0;0;0;0;0;0;0;0;0;0;0;0;0;0;0;0;0;0;0;0;0;0;0;0;0;0;0;0;0;0;0;0;0;0;0;0;0;0;0;0;0;0;0;0;0;0;
[RX]PLT THRESHOLDS;99
[RX]ALARMS;L3;L4;QC FAIL;
[RX]INTERPRETIVE_WBC;LYM>;GRA<;
[RX]INTERPRETIVE_RBC;
[RX]INTERPRETIVE_PLT;
[RX]COMMENT;;
[RX]END_RESULT;56587
[RX]EMERALD;1;034109-000914;AFSE
[RX]RESULT
[RX]DATE;09/03/2010
[RX]TIME;11:49:12
[RX]MODE;NORMAL
[RX]UNIT;1
[RX]SEQ;12;0
[RX]SID;No ID Entered
[RX]PID;
[RX]ID;
[RX]TYPE;STANDARD
[RX]TEST;LMG
[RX]OPERATOR;AFSE
[RX]WBC;8.1  ;;;4.0  ;4.2  ;10.0 ;10.5 
[RX]RBC;5.70 ;;h;3.90 ;4.03 ;5.46 ;5.80 
[RX]HGB;17.4;;h;11.0;12.0;16.5;18.0
[RX]HCT;49.8;;h;35.0;36.5;48.3;50.0
[RX]MCV;87.3 ;;;80.0 ;81.5 ;96.8 ;100.0
[RX]MCH;30.5 ;;;26.0 ;27.5 ;33.3 ;34.0 
[RX]MCHC;34.9 ;;;32.0 ;32.4 ;35.7 ;37.0 
[RX]RDW;14.5 ;;;11.0 ;11.8 ;14.9 ;16.0 
[RX]PLT;333  ;;;100  ;120  ;385  ;400  
[RX]MPV;8.6  ;;;6.5  ;7.0  ;10.2 ;12.0 
[RX]LYM%;32.7;*;;10.0;12.7;47.8;60.0
[RX]MID%;25.6;*;H;5.0 ;6.3 ;14.0;16.0
[RX]GRA%;41.7;*;l;40.0;43.5;80.0;90.0
[RX]LYM;2.6  ;*;;0.8  ;1.0  ;3.3  ;5.0  
[RX]MID;2.1  ;*;H;0.1  ;0.8  ;0.8  ;1.0  
[RX]GRA;3.4  ;*;;3.0  ;3.2  ;7.5  ;8.0  
[RX]WBC CURVE;0;0;0;0;8;28;48;55;53;49;44;44;54;79;116;156;193;222;231;210;175;147;131;129;136;144;150;154;158;160;158;157;156;152;142;127;116;111;105;99;96;95;95;96;99;101;103;105;105;104;104;104;101;97;94;89;81;75;70;63;56;50;46;43;38;32;28;26;24;23;21;19;18;18;17;15;14;13;11;9;7;7;7;7;7;6;4;3;3;3;3;3;3;2;1;1;1;1;1;1;1;1;1;1;1;0;0;0;0;0;0;0;0;0;0;0;0;0;0;0;0;0;0;0;0;0;0;0;
[RX]WBC THRESHOLDS;25;37;0;
[RX]RBC CURVE;0;0;0;0;0;0;0;0;0;2;3;3;2;1;0;0;0;0;0;0;0;0;1;2;3;5;7;10;13;19;29;43;60;82;109;137;163;187;209;227;239;245;242;230;215;200;183;163;143;125;109;97;85;74;63;54;46;39;33;27;21;17;13;10;7;5;4;3;2;2;2;2;1;1;1;1;1;1;1;1;1;1;1;1;1;1;1;1;0;0;0;0;0;0;0;0;0;0;0;0;0;0;0;0;0;0;0;0;0;0;0;0;0;0;0;0;0;0;0;0;0;0;0;0;0;0;0;0;
[RX]RBC THRESHOLDS;32;55
[RX]PLT CURVE;0;0;0;0;2;4;8;12;18;24;31;39;47;55;63;70;76;82;87;91;94;97;98;98;97;95;93;90;87;85;82;78;75;71;67;62;59;55;51;48;45;42;39;36;33;31;28;26;24;22;20;19;18;17;16;15;14;13;12;11;10;9;9;8;7;7;6;5;5;4;4;4;3;3;3;3;2;2;2;2;2;2;1;1;1;1;1;1;1;1;1;1;1;1;0;0;0;0;0;0;0;0;0;0;0;0;0;0;0;0;0;0;0;0;0;0;0;0;0;0;0;0;0;0;0;0;0;0;
[RX]PLT THRESHOLDS;99
[RX]ALARMS;L2;L3;L4;QC FAIL;
[RX]INTERPRETIVE_WBC;GRA<;
[RX]INTERPRETIVE_RBC;ERY>;
[RX]INTERPRETIVE_PLT;
[RX]COMMENT;;
[RX]END_RESULT;39347
[RX]EMERALD;1;034109-000914;AFSE
[RX]RESULT
[RX]DATE;09/03/2010
[RX]TIME;11:52:26
[RX]MODE;NORMAL
[RX]UNIT;1
[RX]SEQ;13;0
[RX]SID;No ID Entered
[RX]PID;
[RX]ID;
[RX]TYPE;STANDARD
[RX]TEST;LMG
[RX]OPERATOR;AFSE
[RX]WBC;8.1  ;;;4.0  ;4.2  ;10.0 ;10.5 
[RX]RBC;5.58 ;;h;3.90 ;4.03 ;5.46 ;5.80 
[RX]HGB;17.1;;h;11.0;12.0;16.5;18.0
[RX]HCT;49.0;;h;35.0;36.5;48.3;50.0
[RX]MCV;87.8 ;;;80.0 ;81.5 ;96.8 ;100.0
[RX]MCH;30.6 ;;;26.0 ;27.5 ;33.3 ;34.0 
[RX]MCHC;34.9 ;;;32.0 ;32.4 ;35.7 ;37.0 
[RX]RDW;14.3 ;;;11.0 ;11.8 ;14.9 ;16.0 
[RX]PLT;332  ;;;100  ;120  ;385  ;400  
[RX]MPV;8.8  ;;;6.5  ;7.0  ;10.2 ;12.0 
[RX]LYM%;36.3;*;;10.0;12.7;47.8;60.0
[RX]MID%;23.3;*;H;5.0 ;6.3 ;14.0;16.0
[RX]GRA%;40.4;*;l;40.0;43.5;80.0;90.0
[RX]LYM;2.9  ;*;;0.8  ;1.0  ;3.3  ;5.0  
[RX]MID;1.9  ;*;H;0.1  ;0.8  ;0.8  ;1.0  
[RX]GRA;3.3  ;*;;3.0  ;3.2  ;7.5  ;8.0  
[RX]WBC CURVE;0;0;0;0;9;33;58;68;65;57;53;60;78;107;148;192;223;234;226;203;177;156;141;134;133;135;139;143;149;151;147;141;137;133;127;118;110;105;101;96;96;97;97;97;100;103;106;107;105;104;103;99;95;90;81;73;67;65;66;62;55;51;46;40;34;30;29;26;23;21;18;15;14;13;12;12;13;13;12;11;10;8;7;6;7;7;7;6;5;5;5;4;3;2;1;0;0;0;1;1;1;1;1;1;1;1;1;1;0;0;0;0;0;0;0;0;0;0;0;0;0;0;0;0;0;0;0;0;
[RX]WBC THRESHOLDS;25;37;0;
[RX]RBC CURVE;0;0;0;0;0;0;0;0;0;2;3;4;3;2;2;1;0;0;0;0;0;0;0;1;2;3;5;8;12;17;24;35;51;71;95;121;148;176;201;221;236;244;246;239;224;207;190;171;153;136;120;104;90;79;69;58;48;40;33;26;21;16;12;9;7;6;5;4;3;2;1;1;1;1;1;1;1;1;1;1;1;1;1;1;1;1;1;1;1;1;1;1;1;0;0;0;0;0;0;0;0;0;0;0;0;0;0;0;0;0;0;0;0;0;0;0;0;0;0;0;0;0;0;0;0;0;0;0;
[RX]RBC THRESHOLDS;32;55
[RX]PLT CURVE;0;0;0;0;2;5;9;14;20;27;35;43;51;59;67;74;80;85;90;94;97;100;101;102;101;99;97;94;90;87;83;79;76;72;68;64;60;57;54;50;47;44;41;38;35;32;29;27;24;22;21;19;18;17;17;16;15;14;13;12;11;10;10;9;9;8;8;7;7;7;6;6;6;5;5;5;4;4;4;3;3;2;2;2;2;2;2;2;2;2;2;1;1;1;1;0;0;0;0;0;0;0;0;0;0;0;0;0;0;0;0;0;0;0;0;0;0;0;0;0;0;0;0;0;0;0;0;0;
[RX]PLT THRESHOLDS;98
[RX]ALARMS;L2;L3;L4;QC FAIL;
[RX]INTERPRETIVE_WBC;GRA<;
[RX]INTERPRETIVE_RBC;ERY>;
[RX]INTERPRETIVE_PLT;
[RX]COMMENT;;
[RX]END_RESULT;23929
[RX]EMERALD;1;034109-000914;AFSE
[RX]RESULT
[RX]DATE;09/03/2010
[RX]TIME;11:53:58
[RX]MODE;NORMAL
[RX]UNIT;1
[RX]SEQ;14;0
[RX]SID;No ID Entered
[RX]PID;
[RX]ID;
[RX]TYPE;STANDARD
[RX]TEST;LMG
[RX]OPERATOR;AFSE
[RX]WBC;8.1  ;;;4.0  ;4.2  ;10.0 ;10.5 
[RX]RBC;3.69 ;;L;3.90 ;4.03 ;5.46 ;5.80 
[RX]HGB;11.8;;l;11.0;12.0;16.5;18.0
[RX]HCT;33.8;;L;35.0;36.5;48.3;50.0
[RX]MCV;91.6 ;;;80.0 ;81.5 ;96.8 ;100.0
[RX]MCH;32.0 ;;;26.0 ;27.5 ;33.3 ;34.0 
[RX]MCHC;34.9 ;;;32.0 ;32.4 ;35.7 ;37.0 
[RX]RDW;12.6 ;;;11.0 ;11.8 ;14.9 ;16.0 
[RX]PLT;367  ;;;100  ;120  ;385  ;400  
[RX]MPV;6.9  ;;l;6.5  ;7.0  ;10.2 ;12.0 
[RX]LYM%;26.1;;;10.0;12.7;47.8;60.0
[RX]MID%;7.6 ;;;5.0 ;6.3 ;14.0;16.0
[RX]GRA%;66.3;;;40.0;43.5;80.0;90.0
[RX]LYM;2.1  ;;;0.8  ;1.0  ;3.3  ;5.0  
[RX]MID;0.6  ;;l;0.1  ;0.8  ;0.8  ;1.0  
[RX]GRA;5.4  ;;;3.0  ;3.2  ;7.5  ;8.0  
[RX]WBC CURVE;0;0;0;0;10;37;64;76;76;70;67;75;102;147;193;224;235;226;197;161;130;106;86;68;56;50;48;49;52;56;59;62;66;68;67;66;67;66;65;66;64;63;67;74;76;75;74;75;78;84;88;90;95;106;115;117;118;122;127;131;133;134;136;137;135;135;137;139;142;146;146;140;136;135;129;125;126;128;129;124;115;105;97;88;82;80;76;70;61;54;52;51;47;39;32;27;24;22;21;18;16;13;11;9;8;7;6;5;5;6;6;5;4;4;4;3;2;1;1;1;1;1;1;1;1;0;0;0;
[RX]WBC THRESHOLDS;25;37;0;
[RX]RBC CURVE;0;0;0;0;0;0;0;0;0;1;1;1;1;1;1;0;0;0;0;0;0;0;0;0;0;1;2;4;7;12;19;29;44;64;88;114;141;169;195;217;232;241;242;230;208;186;167;148;128;111;98;86;77;69;63;57;51;45;40;35;31;28;24;20;17;15;13;11;9;8;7;6;5;4;4;4;3;2;2;1;1;1;0;0;0;0;0;0;0;0;0;0;0;0;0;0;0;0;0;0;0;0;0;0;0;0;0;0;0;0;0;0;0;0;0;0;0;0;0;0;0;0;0;0;0;0;0;0;
[RX]RBC THRESHOLDS;32;55
[RX]PLT CURVE;0;0;0;0;3;6;11;17;25;33;42;51;60;67;75;81;86;89;91;91;90;87;84;80;75;70;66;61;57;53;48;44;40;36;32;29;26;24;21;19;17;15;14;12;10;9;8;7;6;5;4;4;3;3;3;3;3;3;2;2;2;2;1;1;1;0;0;0;0;0;0;0;0;0;0;0;0;0;0;0;0;0;0;0;0;0;0;0;0;0;0;0;0;0;0;0;0;0;0;0;0;0;0;0;0;0;0;0;0;0;0;0;0;0;0;0;0;0;0;0;0;0;0;0;0;0;0;0;
[RX]PLT THRESHOLDS;99
[RX]ALARMS;QC FAIL;
[RX]INTERPRETIVE_WBC;
[RX]INTERPRETIVE_RBC;ANE;
[RX]INTERPRETIVE_PLT;
[RX]COMMENT;;
[RX]END_RESULT;25445
[RX]EMERALD;1;034109-000914;AFSE
[RX]RESULT
[RX]DATE;09/03/2010
[RX]TIME;11:56:20
[RX]MODE;NORMAL
[RX]UNIT;1
[RX]SEQ;15;0
[RX]SID;No ID Entered
[RX]PID;
[RX]ID;
[RX]TYPE;STANDARD
[RX]TEST;LMG
[RX]OPERATOR;AFSE
[RX]WBC;4.4  ;;;4.0  ;4.2  ;10.0 ;10.5 
[RX]RBC;4.30 ;;;3.90 ;4.03 ;5.46 ;5.80 
[RX]HGB;13.0;;;11.0;12.0;16.5;18.0
[RX]HCT;37.7;;;35.0;36.5;48.3;50.0
[RX]MCV;87.6 ;;;80.0 ;81.5 ;96.8 ;100.0
[RX]MCH;30.2 ;;;26.0 ;27.5 ;33.3 ;34.0 
[RX]MCHC;34.5 ;;;32.0 ;32.4 ;35.7 ;37.0 
[RX]RDW;13.2 ;;;11.0 ;11.8 ;14.9 ;16.0 
[RX]PLT;213  ;;;100  ;120  ;385  ;400  
[RX]MPV;7.8  ;;;6.5  ;7.0  ;10.2 ;12.0 
[RX]LYM%;48.3;*;h;10.0;12.7;47.8;60.0
[RX]MID%;8.8 ;*;;5.0 ;6.3 ;14.0;16.0
[RX]GRA%;42.9;*;l;40.0;43.5;80.0;90.0
[RX]LYM;2.1  ;*;;0.8  ;1.0  ;3.3  ;5.0  
[RX]MID;0.4  ;*;l;0.1  ;0.8  ;0.8  ;1.0  
[RX]GRA;1.9  ;*;L;3.0  ;3.2  ;7.5  ;8.0  
[RX]WBC CURVE;0;0;0;0;6;23;38;40;36;33;38;56;92;139;183;216;228;214;182;144;106;75;53;39;31;27;25;25;27;30;32;32;32;33;33;30;26;25;29;34;37;39;40;42;46;53;59;62;63;65;67;69;69;66;63;60;57;56;53;48;44;40;38;36;32;28;25;23;23;22;18;15;14;12;10;10;10;9;7;4;2;2;2;2;2;1;0;0;1;1;0;0;0;0;0;0;0;0;0;0;0;0;0;0;0;0;0;0;0;0;0;0;0;0;0;0;0;0;0;0;0;0;0;0;0;0;0;0;
[RX]WBC THRESHOLDS;25;37;0;
[RX]RBC CURVE;0;0;0;0;0;0;0;0;0;1;1;1;1;1;1;0;0;0;0;0;0;0;0;0;1;2;3;6;10;17;28;43;64;91;120;151;181;207;227;240;244;239;227;208;188;168;150;132;115;102;90;78;69;61;54;48;42;37;32;27;22;19;16;14;11;8;6;5;4;3;2;2;2;2;2;1;1;1;1;1;1;1;1;1;1;1;1;0;0;0;0;0;0;0;0;0;0;0;0;0;0;0;0;0;0;0;0;0;0;0;0;0;0;0;0;0;0;0;0;0;0;0;0;0;0;0;0;0;
[RX]RBC THRESHOLDS;32;55
[RX]PLT CURVE;0;0;0;0;3;6;11;17;24;31;39;47;55;62;69;74;77;79;80;80;78;77;76;74;72;70;67;65;62;59;56;54;52;50;48;46;43;40;37;34;32;29;27;25;23;21;19;17;16;14;13;11;10;9;8;7;6;5;5;4;4;4;4;4;3;3;2;2;2;1;1;1;1;1;1;1;1;1;1;1;0;0;0;0;0;0;0;0;0;0;0;0;0;0;0;0;0;0;0;0;0;0;0;0;0;0;0;0;0;0;0;0;0;0;0;0;0;0;0;0;0;0;0;0;0;0;0;0;
[RX]PLT THRESHOLDS;99
[RX]ALARMS;L3;L4;QC FAIL;
[RX]INTERPRETIVE_WBC;LYM>;GRA<;
[RX]INTERPRETIVE_RBC;
[RX]INTERPRETIVE_PLT;
[RX]COMMENT;;
[RX]END_RESULT;56587
