MEK-6400  
18   
01024
MANUAL      
CBC         
01
BLOOD           
MMM 
0005044   
                                          
2014
03
03
     
10
00
49
         0015  
 8.2  
      
      
      
      
      
      
      
      
      
      
4.80  
15.5  
43.5  
90.6  
32.3H 
35.6  
11.0  
 457H 
0.25  
 5.4  
16.6  
46.4  
 3.1  
50.5  
 3.8  
 0.3  
 4.1  
      
                                                                                                                                                                
                                                                                       
                                                                                                                                                                                                                                                                                                                                                                                                               
MEK-6400  
18   
01024
MANUAL      
CBC         
01
BLOOD           
MMM 
0005036   
                                          
2014
03
03
     
08
46
31
         0007  
 7.9  
      
      
      
      
      
      
      
      
      
      
4.82  
13.9  
41.4  
85.9  
28.8  
33.6  
14.4  
 284  
0.16  
 5.6  
16.6  
33.4  
 5.3  
61.3  
 2.6  
 0.4  
 4.9  
      
                                                                                                                                                                
                                                                                       
                                                                                                                                                                                                                                                                                                                                                                                                               
