          
          1         2         3         4         5         6         7         8         9         11        12        13        14        15        16        17        18        19        20        21        22        23        24  
123456789012345678901234567890123456789012345678901234567890123456789012345678901234567890123456789012345678901234567890123456789012345678901234567890123456789012345678901234567890123456789012345678901234567890123456789012345678901234567890123456789012345678901234567890123456789012345678901234567890
D1U00121500000000019000000000001901001000000000010000104000396000930031000783202352030020306001542006500741100350000500016000006800077110003600000500160004100012400104002930000000000000000000000000000000000000000000000000000000000000 




 D1U00121500000000020000000000002001001000000000010000103900399000930031400787202332029620310001522006600745100330000400015800006900077410003400000400161104070012600105002950000000000000000000000000000000000000000000000000000000000000 



D1U001215 0 0000000016
0

000000000016

0000000000000
000000
009060
05410
01460
04350
08042
02700
03360
02430

01532
00610
07801
00030
00030

001390
000550
007061
000030
000030

01310
03422
00812
00852
01310

000000000000000000000000000000000000000000000000000000000000 
